kontrolni radek
-0.8408639511314411
-0.2741718399440263
0.9123798991867207
0.004426613518559108
0.49063870363439066
0.8815923022698795
0.19808772959576082
-0.4712959815693478
-0.2958016931610552
-0.5800628868557627
-0.4557820513299349
0.8025818282614001
-0.30061271178828264
-0.3117497139437395
0.23998927257360592
-0.09432389867054303
-0.9019971731567309
0.16020860288955463
-0.8861296499482059
-0.6457330348049148
0.7904426693163851
0.6463168345248735
-0.8981233285325692
0.3360804332958851
0.9935337060058111
0.6700850979591852
-0.4352062334453779
-0.11019465763678182
-0.7741190527342892
-0.06243057305020239
-0.30921183813196595
-0.8813626703071891
-0.8546520104017408
0.9560248886322509
0.7241202776608833
0.9081768388214888
0.16914988770545047
0.4521266469028531
0.07760732673857373
0.27734981596025565
-0.3387794090975327
0.7055805102843384
-0.8027116682238269
-0.7983995066834293
-0.4886074143553323
0.9709757007298003
0.5214716699102289
-0.4623124847315738
-0.03261908529201718
-0.9291602877177036
-0.4146389647943056
0.6429874526465185
0.8613205064282377
-0.5615935058998054
0.4757663067763396
0.7850190002084798
0.11094165775185738
-0.9971733437657364
-0.701252974878458
0.6785020626456439
-0.23753264945903863
0.4349433529037383
-0.06205678834712436
-0.5801471804680987
0.29800046550086345
0.669808954121035
0.21552857663278369
0.091435583562955
0.28335412310686237
-0.8171325010596844
0.22127323481508165
0.9478428190496717
-0.08531588603785845
-0.603109020399035
0.8694519496362239
-0.9529830524503755
-0.3632063244029231
0.1986036486302416
-0.9776895005143156
-0.8001324298560613
0.5590090805993004
0.9482148630953797
-0.10058274585285099
0.2604027635007564
0.588597020939289
-0.2955037155743816
-0.9196515745590228
-0.648570379323474
-0.8711215060504558
0.21298905749667152
0.4667576432043916
-0.7457446078149885
-0.4496151052280475
0.11016712412460117
-0.7948041002796478
0.539136302620628
0.20327558326026973
-0.14924738161717177
0.15598541947674827
-0.26268643008281267
-0.8695025012575892
-0.18309812236202627
0.5410416323606728
-0.6352875604004937
0.18270826338719148
-0.4152990155355951
-0.9762989249224756
0.19690207133056314
0.648565155787812
0.042675488872995215
0.32047708449554513
0.7406065496879783
0.9093272933626657
-0.22021611971957333
-0.8099234214527091
0.7703082161565373
0.994348981277831
-0.6888944122389675
0.01230975244653143
0.7336814726541936
0.6823273816861333
-0.5673708943173661
0.7763776471779065
0.9959333138559614
0.8054774274520462
0.2886098233035099
0.25688888866915915
0.38625508232401007
-0.43771299298553057
0.6882066463671364
0.2848132402905095
-0.1635622818268776
-0.56584369505763
0.07069640899317742
0.9371011892430154
-0.8497559845425933
-0.5367133904811252
-0.5672103565165132
0.9248984116814112
-0.04116499906240478
0.8161295204327748
0.49451612612100804
0.9968233596090936
0.6617490403466326
0.4845490266718864
0.5572205601696021
-0.4239538295020744
0.1222274461899382
-0.8264827716702778
-0.6778197114287694
0.6578333776274707
-0.5480518231161422
0.9644845578785077
0.4952686829851731
0.8960866173579849
0.18661895425459507
-0.23437016115966047
0.3363697011656772
0.044586854562599365
-0.07179504222590527
-0.16193790904473881
-0.02715304211029057
0.8892072355886214
0.4091558763902039
-0.36465961608123654
-0.1734861992394725
0.7715721007087561
0.4731967246413138
0.021974547053727367
0.9156251001564004
0.4819080000614895
0.7741745933022506
0.675565571594501
-0.05472112318
0.2217910930992073
-0.6205647985669056
-0.7322244764076111
-0.7358786877407657
-0.17220590890365584
-0.2459446039433255
0.7479975299760164
0.4282819475374733
-0.9648876517739231
-0.2578126876174638
0.503164646726233
-0.741153337910849
0.266519325974395
0.2675736132989286
-0.4954901684382482
-0.7971501369119762
0.2544697785158412
-0.024106584251989416
0.1813480121996236
0.2112884826195076
-0.6062681771213716
0.06195915122103468
-0.417886022960011
-0.5044949502209917
0.47869590396038064
0.9641476970211493
-0.44378951473715245
0.3683436317694626
-0.7413750069155083
0.20231691688072373
0.6859898580873467
0.631388877483819
0.2902398376548918
-0.2270670203491405
0.6287500251052309
0.9456878401066229
0.9507341141287431
-0.4131248848976832
0.6938250434917015
-0.6398540412421281
0.7878916860425842
0.18502813904381954
-0.7936602491650997
0.28380790710799886
0.8322213442882473
0.9084635101845824
-0.29222303748406575
-0.5326502039469123
-0.584288687189485
0.7443324352610814
0.6350990553901066
0.7031910792724769
0.8119370594952247
0.8798258928256109
-0.5702046455473675
0.3050370852978028
0.8131328784537624
0.5968967152394957
-0.9165573768462887
0.990607037834732
-0.35516188325446896
0.7474864262807452
0.3283848241401621
-0.8794039550525499
-0.741239393189556
0.6526818775584171
0.9963361702442459
0.2548294762490515
0.5640044290837005
0.8579880240838802
0.815182956019203
0.21276197729690915
0.6287159334742634
-0.58462290743752
-0.03577248909538633
0.7241931613244439
-0.6004871993399841
0.7366304626205016
-0.8734453486226692
-0.8943006769141717
-0.501546340362603
0.87433775303863
-0.6798183596028529
-0.7392476422495233
-0.8515232867227907
-0.6629645469321055
0.044724094117209345
-0.8822114117244437
0.989342867425528
-0.34457780291833506
0.19403003390227158
-0.2634130319908634
0.5796682913501492
-0.4950792509995874
0.36203242840516126
-0.5176290458343429
0.8753000343937658
0.2300203606086053
-0.4288554036213845
0.4448389923669087
-0.48926052476342097
-0.21249506147478714
-0.18055206513753141
0.3031910451201649
0.15570448743162912
-0.7232534291490338
-0.5667226763394251
0.9039719285964871
-0.8158173033922469
-0.5711449329937432
-0.9729065202719238
-0.09227893232560658
0.36441220907847915
0.33236766980377475
0.6404697740461289
-0.5103456325208293
-0.0783981530526392
0.9915492303344722
-0.7480562657213727
-0.45584039476438654
0.16443903931914483
0.9002549941233193
0.652421012066309
-0.8096955339650596
-0.1722145488319684
-0.7800507119901507
-0.8647789680028217
-0.8278053551826028
-0.5268991738423483
0.8332909987235004
-0.20609965329172075
-0.5508745285056214
0.18963745371198115
0.17318969041963306
-0.6955958279705845
0.5079860797245821
-0.5975053897770621
0.6521514840536227
-0.1410159919170899
0.12667218617262255
0.14769931535992442
0.8523720444579699
0.1823922731146852
0.3631588910959942
-0.06962318036511883
0.9454244546735229
