kontrolni radek
-0.43956805502056473
0.6710539780450493
0.3336249496913857
-0.8591731602676231
-0.04948767740880111
-0.5074209838495043
-0.8483057786175587
-0.15477389052416157
-0.16076984316957077
-0.8474153965184519
0.10510172586191247
0.4601192625381443
-0.6177739476942983
-0.2950084852524868
-0.15273473424436124
0.1787217609618621
-0.440845043971702
0.007230011364182776
-0.1622035369220043
-0.47596123546672464
0.3151009511525351
-0.7682036862908295
0.4170511744563501
0.19855357331177048
0.4238729598509592
0.3612761018297328
0.08368408032395958
0.8057711055066665
-0.40142693938605944
-0.290976721590148
0.6080619396107336
0.604263948859957
0.9952113891943672
0.8983150958420281
0.18826961820035581
-0.7125723082070279
0.367951841982302
0.31777661452767925
0.20539662779830037
-0.30807083403208413
0.4285049936165659
-0.0769035160759235
-0.01863092419171708
0.6060912408867316
-0.8935683553828464
0.2203273716350278
0.025261977900988608
-0.21322950534979235
-0.6883149537372593
0.08557621096515944
0.9534122754904739
-0.7211670870862186
0.9341708740201529
-0.9927192198039028
-0.5509011709544096
-0.4969075110308836
-0.20247429712266407
-0.02059468833176492
-0.43287748990946495
0.803283567938698
0.010469893407927033
0.7374205504928582
-0.5677636917126181
-0.0005098419310474167
0.26415941498863793
-0.12133233989712311
0.9582293318511756
0.4539485547253641
-0.49434170410041767
-0.3134666954468306
0.6891848648716514
0.4739929051326208
-0.2996136571163601
0.5785638807560081
-0.9489586644189048
-0.9703084061176386
-0.6993111615870835
-0.9719203102307667
0.3014652075731572
0.2886802586630748
-0.022470138147532737
-0.6698537988845543
0.8775666510389442
-0.23789498208846638
-0.7029746576447593
-0.05388859187630679
0.8814595064913047
-0.9969114012294511
-0.5838435012397385
-0.9796286481050624
-0.03992339267393441
0.6761643619918254
0.14055513336187486
0.17115509747729196
0.518704857167757
0.21257319451524714
0.3651413559784771
0.08492227403505703
0.7721313630306117
-0.24592827753336777
-0.9559006276621886
-0.9174492207007665
0.4809227498813451
0.5694201354197921
0.03245659675437906
-0.9162417131657408
-0.15360672905766726
0.35509334745479193
-0.8661560157828172
0.5214301053933386
-0.5384747373781005
0.48460809347793865
0.7845379870124547
-0.8638949917286496
-0.5756882455040975
-0.3925747316449535
-0.25483871406641967
0.8893605508208386
0.5722558382993632
0.5202873219176798
-0.26385834726470403
-0.5786170101534396
-0.43800385970242317
-0.19059938136479349
-0.711737315123798
0.750709441236169
0.7311462630041252
-0.8251741717456957
0.7927536293867645
0.7600841568327348
-0.4474723060528627
0.11993547341138688
0.6136587830948288
-0.22945575305383814
-0.1530306433463342
-0.3596344823704811
-0.6128205616075981
0.38044241203028717
-0.723808750525039
0.964183674089788
0.8666620901836528
0.5916442516986433
-0.21482362898760066
-0.24493905949018835
-0.499023136674426
-0.1208983528316534
0.5888359806172447
0.5812653490805346
0.2258448729375202
-0.841429598953481
0.369312964794126
0.6700455530912544
0.20433516111120187
0.36059786896865886
0.7448486156461849
-0.3501220077304392
0.5639245597046045
-0.6214164154918034
-0.8570519169782431
0.6671746233626556
-0.18424938949133618
0.41122225354179354
-0.17986573241556658
0.9284860856042494
0.591382918056695
-0.7450901264230856
0.9836684316500393
-0.5627989209438091
-0.3725933027380406
-0.7085951158301149
-0.5653311385760236
-0.0733454625519625
0.4631508551584851
0.4752455923797805
0.5092024008884861
-0.7535918113561673
-0.09838268535929928
-0.2234177376664337
0.9307107363605418
0.3055787182920393
0.5123606805820273
-0.710281454255677
0.31256394078191185
-0.49966913024542814
0.47536867118507975
0.5676614090994008
0.9208596630240875
0.12099957098747849
-0.8643667247964788
0.005438417414656227
-0.1914760253580594
0.3698532136614765
-0.8682204251759653
-0.329536778192298
-0.804631406057281
-0.31056494728009754
0.660620543040995
0.6686862174318247
-0.24885946738706366
-0.5058326104788593
0.49647079151369566
-0.1329321792002185
-0.20672048751198457
-0.2481035925095849
0.4255914957669311
-0.8492258621793218
-0.20313666217417747
0.32614918978546936
0.7459951248125996
-0.4791384243016543
-0.40734900231974436
-0.22473077627494087
0.4863579174544421
-0.5235947936319876
-0.6688435019311634
0.7164145694896351
-0.18433466291821365
-0.7282750993906322
-0.06530321978607101
0.8274911333228465
-0.4381474472786908
0.3512413805498982
-0.5210654782750839
0.5764879383136716
0.729021469345797
-0.028457705599037153
0.4521019844024956
0.10717406159430443
-0.03181589434862109
-0.7994431669070705
0.021905432089617927
0.1684024205901682
-0.5370261779174508
0.12465424779023127
0.6728490701163266
-0.525812830365634
0.35102172005583343
0.2581163034431144
-0.42944084358474344
-0.2046211231972659
-0.29686443580656374
0.24220949899151512
0.6906605619133623
-0.4667667988290194
-0.39761779247117834
-0.8110741058086905
0.19310550641610114
0.13562668492530805
-0.8449466544840392
0.16991975829829276
-0.5062345445763121
-0.39744129095977687
-0.8138891478320804
-0.836732101065123
-0.28748090849615227
-0.24827271228104064
0.4240455277096564
-0.23252441142244318
0.16548247100030844
-0.25163337463547353
-0.04925919064681561
-0.5154705134327158
0.5049284198317974
0.41052799087163927
-0.5952823651661903
-0.7939587329464073
0.9254204937948483
0.1576045038130387
0.7393297276484845
0.06786986614709001
0.7954018826176505
0.9470450534198738
-0.6591472874476343
0.8732896261019183
0.6570566036237162
-0.5289966688381238
-0.19411483955523057
0.9253163842265493
0.5119575295258334
0.8792079210766903
0.48098426913413816
-0.6144778473057675
-0.11680190895515241
0.9968114236653363
0.40761512592699334
-0.5067929716307771
0.32826119354380334
0.48846790599123424
0.9057516598573803
-0.6378173043009356
0.19174429350360644
0.2673444608821858
-0.7938957697013245
0.22014636064614623
0.1666817048565754
0.99464644165925
0.25699264234653696
0.2175967385419495
0.12729127572368637
-0.6052858316859955
0.5433717421065434
-0.8427841061244887
-0.17719536035797856
-0.10385616917896545
-0.530210371104261
0.6401479315928604
-0.19871522511988848
0.8755854284444493
-0.44807789764015094
0.787404000007581
-0.3097056642757394
-0.2276289843033268
-0.8652188258945035
0.09038208601501152
-0.07457043851171807
0.6355915496894007
-0.3838132040998572
-0.8003369766606712
0.6423457527072889
-0.3614671695985874
