kontrolni radek
0.11384113049541034
-0.19151240009939974
0.9856839673883013
-0.4693175892937702
-0.408199364829551
0.06986710069289992
0.998351838437977
-0.007813329529358093
-0.2854206574149638
-0.8539384462459867
-0.617285102171542
0.019708636754480535
0.8062128108585265
0.9008073712125406
0.8008576845547628
-0.2148856560375314
-0.5978719591507964
0.6044658822374187
0.9440002117965314
-0.6351695651781881
0.3899638685847855
0.7806121969389335
0.9808010981839212
0.43102936418347815
-0.5990027529115045
0.982017736251318
-0.4283322303739163
0.09046894443852227
0.3983456428166774
0.0030418761598407507
0.1905892037648449
0.07709242239914871
-0.21312071184932346
-0.67236375263266
0.7937392677537851
0.12496708712629667
-0.7030760590668979
-0.10741651185937817
0.10618307596904031
0.6927313775197173
0.2358659218396728
-0.7617652711397815
-0.08114970108730235
-0.6146970917789074
-0.3536045855732888
0.3456184932409785
0.27008017672352436
-0.6597859284548326
-0.7501080907418523
-0.8127190817933501
0.6471660076265129
-0.5400545418330667
-0.24526980811004462
-0.21788991598445073
0.8053626961960574
-0.7198853983215023
0.5001068531154556
0.4156737294983366
-0.9791963875748908
0.24062799509600596
-0.05209168770230743
-0.09770415310499003
0.4723938203078204
-0.3427913210816145
-0.08925054606618743
-0.8955638401541328
-0.7929066934823545
-0.91698709691585
0.7224471574693847
-0.018595011902260428
0.0258610153962886
-0.5476048472188988
-0.21203803025012125
0.15313548082178596
0.37709016165992537
-0.14744410700801547
0.34585612058198434
0.36328515438423703
-0.9274179662627897
0.137489211937466
-0.48159794464272343
-0.4468258361121753
0.25372540454099735
0.7951853001006419
-0.3653267267339255
0.1914942602104086
-0.734062380720053
0.3024204976741498
0.8460798862883561
-0.06348270458233185
0.7607239869633433
0.6804793398439728
0.18376669099666176
0.24069160944334334
0.5155395981651889
0.22749579729310176
-0.4884257042339406
0.35603852649058365
-0.0410012548836185
-0.053627870485807305
-0.4864283335921755
0.9960832976410647
0.9789457686886898
0.2483952631675661
-0.5784090508911768
0.4057547772973622
-0.275026692785459
-0.0014196901954719454
0.4919044284330618
0.30882416541619606
-0.9232272346520751
0.11803342204658773
-0.139362406903057
-0.4692733882609659
0.8849066506168466
-0.7004432697766612
-0.13915598289494735
-0.9628567804776449
-0.1401967239590105
0.640307261245967
-0.029775366954780447
0.9079033061249271
-0.6498993929917296
-0.9321054744923614
-0.6989503145603495
-0.288752033283471
-0.04320501842196456
0.4176477197634294
0.6894979282543858
-0.047783334406631184
-0.07441295104226331
-0.2687886870285463
0.48846060914334966
-0.9723095935672781
-0.8609889518885714
-0.43478717363539654
-0.14253029937733586
-0.6445443053405313
-0.8906655551601892
-0.47179337989374814
0.6660356842825421
-0.1517650052977757
-0.6511169251135784
-0.9073924872657293
0.9948196665902846
0.013535733841345321
0.6154760183814898
0.4625223760586523
-0.5662533348662622
-0.19322422156765073
0.3472185079134058
-0.9521458232760067
-0.43852340369157017
-0.6287333437724862
-0.46637759470288764
0.4151155507763684
0.12160577417845397
0.23652757680448722
0.9267597505393188
0.20213920222040005
-0.8484247297860514
-0.9806176711048227
-0.6753404681364392
-0.0366056045466725
-0.6066218791669735
-0.43033018125875877
-0.8604341235819231
0.7346056577758002
-0.3056193873681414
0.972117081532609
0.4000837477517709
0.6243989715639295
0.7753898897177427
-0.9127000165089698
0.0967526857235319
0.06080806958549001
-0.7464227252101527
-0.35947055795739224
-0.3148485251091315
-0.7837257471940753
0.8237749996965473
0.1461078098714208
-0.2733674214088391
-0.9928819661864097
0.6016733113495567
0.5598870895206547
-0.4129579853566583
-0.17522392152417
0.21940816224229476
0.38075802686408444
-0.893607560571938
-0.842285204533959
0.5534410795696081
-0.42379526444186566
-0.09561238259335259
0.3327518751416265
-0.20365384927857844
0.4860587321271437
0.7673065108987334
-0.2150848984155711
-0.7538222192144648
0.16525449125012348
-0.20500291085577982
0.0629003086060067
0.9364861634544566
0.48957565418508664
-0.7982207579790781
0.0929517229802781
0.20838406910423268
0.13776521131622843
-0.09048952022292478
-0.43296240334463065
0.39352236797821827
0.9905855210280632
0.21093947396135992
0.7770160484625364
0.8629359419777789
0.7808018868717375
-0.5498146398802517
0.1530755645935573
-0.3459232126335874
0.48681648209008954
-0.1702003565857788
-0.1417528619566848
0.853076394948582
-0.6171470224608999
0.3230896391472884
0.5391647359475231
0.07710487457070925
-0.09945905278270506
-0.6471267498866209
-0.05150628911180655
0.8384286418785623
-0.9202481845912995
-0.34415657799294364
0.17913282961630372
0.1776929837971477
0.34943070673256815
-0.6142603026202
0.08605063653604028
0.30455759406826566
-0.6106200165478275
-0.27711173277113343
0.08902771847546775
0.6410295994334696
0.32479434869823165
0.23213540864250448
0.8074160654213389
0.9497148836726732
0.22379032345212257
-0.06031284236673229
-0.4561297689425583
-0.9694191981997999
-0.2248657416642379
-0.9462716855148752
-0.6886041206543667
0.9724057981190546
-0.6112196045992626
-0.2893178094581661
0.2856114612521148
0.09069720263111525
-0.9573116588100177
0.8525320097258178
-0.20833314812716375
-0.623740805601644
-0.5131194067481015
-0.6035485578938651
-0.30420053041378936
-0.20269826102857613
-0.3340758274407314
0.21504363701627915
0.10853524810377246
-0.7616135493563931
0.6826710765306905
0.3514634690827647
0.19781818236638493
-0.7876572840031597
0.6583092814755904
-0.28782482632968986
-0.7139495927136379
-0.5199517476389139
0.6013871865526741
0.9320166436345281
0.5444041438841254
0.32045615359598223
0.7435175705098247
0.34174568928186133
-0.20698573815303822
0.8043615513250522
0.7081207628553954
-0.4684005007541945
0.32438654425876634
-0.8829506362087478
-0.6090705765803088
-0.43847301179925435
-0.9998690281322689
0.3969366003228594
0.2243026509859527
-0.11775539300804483
0.48452646752042705
-0.8238286382828843
-0.9945618177653961
-0.8139090647435367
-0.7870933775225564
-0.5643288969810432
-0.7610765929255574
-0.5395010573035588
-0.08221619739750041
0.4108101253472747
-0.06911039044098999
0.06792090322909639
0.8823937606791183
-0.23686189154034887
-0.48470588471762754
-0.06276559906345947
0.31992006664955674
-0.33805368080671294
0.2934485220592524
0.3296603544063883
-0.6649397824128187
