kontrolni radek
-0.1811394073658139
-0.06152650201646459
0.8491737661678835
-0.23861728703362717
-0.3829670303619672
-0.6706127048538739
-0.04902193519878173
-0.6565743753520061
-0.36438220209315575
0.35671244668646107
-0.02362106637497785
0.5185041548826619
-0.894198576656213
0.9270254926567139
-0.5720040467433549
-0.10604618262695453
0.7183428448698508
-0.15632552652767018
-0.9708526186346944
0.044416182343094635
0.10368161882847637
-0.5226386237761464
-0.7600169618963581
0.2619991780376194
0.8986595621133806
0.5398297218627115
-0.001520396234965693
-0.833374407039472
0.5649236272867237
0.09122119877359358
0.028581415873671245
0.47969258024393047
-0.045893191748972884
0.36205757007773953
0.7771978001077682
0.18239489150944377
0.001727563760281603
-0.65927082868996
-0.6456550166553991
-0.21702761741835652
-0.782724500245775
0.44695123489142796
-0.8080531589642375
-0.958942521351883
-0.8176004044435123
0.4274214215502943
0.628771297150911
0.3404792193550925
-0.6791282016225477
0.5663966825128586
0.9950042214478332
0.9900009438760282
-0.27221586584346746
0.8222968751819906
0.5693832346664667
-0.21733797217971507
0.1797922144034898
0.7243364011050686
-0.4239069348613067
-0.2853343396404764
0.41128221525984876
-0.1022178390460855
-0.9713693400098813
-0.8194354833358148
-0.6450990763797309
-0.9004995055211416
0.7682991216688326
0.21858126128533595
0.18959749835914397
0.8344213893725625
-0.4108845745596015
-0.36049549684863824
-0.425591103218391
0.8073474904054252
-0.7672748453467617
0.8248291884218819
-0.08412770766452127
-0.6025399138304595
0.5155668895445327
0.6041886627124926
0.1562422600503437
-0.5287491465393688
-0.1591781281798481
-0.9533678600337714
0.6010433756854199
-0.2924561559418748
-0.275383109926578
0.6123685572667814
-0.8301351649366764
-0.7292060289796012
0.537477540181605
-0.9104998335154495
-0.1335957489437416
-0.30827050813651247
-0.058739333581234954
-0.7096759826266412
-0.2980632475948679
0.8514075084396602
0.8355457290769495
-0.37699908692501527
-0.13603040528118204
0.6560531809565184
-0.8352850231522904
-0.79446116553727
-0.10436942937802574
-0.5708184850447018
0.4764354795799466
-0.34411232327431374
0.33014293603052813
-0.7977356286667354
-0.8056089061344385
0.8056577425128582
0.8728737966215381
-0.05581599169863405
-0.3777475100750938
-0.6868593685549249
0.6444534009102298
0.17752346219158688
0.5886080316330087
-0.04076310706099129
0.03705796840621489
0.2720372171914438
-0.5520054667411276
-0.6042888430656685
0.5041742770294879
-0.9169665546787649
0.9285361493010329
0.731954494988907
-0.977881189771256
-0.0459911725153066
-0.5636031643411914
0.48816007363855984
-0.4100288513036183
-0.34944986919600063
0.0035414102015862703
0.5717816498956589
0.339393756155943
0.04334736171597431
-0.9005253505211519
0.723046878117497
-0.8870254133904567
-0.3871837883435443
0.12566328386137582
0.3962020846606735
0.03249982638330495
0.7656468091315369
0.26580521933325096
-0.9807161081787434
-0.3976886344052244
0.7332502301666257
-0.8515814867568723
0.39919908479380806
-0.9146730294743977
0.4286177118056895
0.538474476174339
0.1803804568270071
0.5671446468678927
-0.2307956374290583
-0.229588354134173
0.17914708602970641
-0.007469407770073877
-0.8347108724458794
0.890024291644915
0.7541015319332574
-0.24272555261969364
0.5562603722278079
0.5730923707691415
0.11232417936755135
0.9283821004459194
-0.14416194501449775
0.9786440168314468
0.005758358475913328
-0.041847585448886226
0.5967179682838499
0.8149315358458866
-0.6431068984489328
0.5957115365693841
0.2712452833863901
0.7464439818629625
-0.7722222616629952
-0.020758927090670287
0.654725303921291
-0.4508525581806273
-0.4023151105939382
-0.9213821650365075
-0.7300957640317622
0.7399838189948991
-0.6524371177290751
-0.417652129598437
-0.03962492352479274
-0.7174122140435422
0.33358025711069517
-0.5860808553090671
0.8145163596078429
-0.9502600086715933
0.44959695547321776
-0.9946381987713724
0.6153602727703167
0.21221915975355699
0.5927552189045397
-0.930742496728026
0.4947143499256319
0.9527795420387526
-0.87912001739812
-0.03201417492118486
0.839744235607065
-0.06798377555636126
-0.5417632829747678
-0.6868505909535823
-0.5568680464090507
-0.7857341473431563
0.6492998636940515
0.922039970459348
0.692197011528739
-0.1622521332844824
0.9206585363394983
0.9616406183857127
0.03115347301820859
0.292367717010799
-0.4077265403931234
0.0903871605317137
-0.8803084076424401
-0.6991099893297028
-0.0750007687539882
0.5706034200042633
0.7590931269046515
0.09601639475431978
0.5904843962187896
-0.8611226062682695
0.2817326774009201
-0.08256424200648405
0.3233808208365252
-0.43155119608825276
0.6510524617831184
0.3650784663342752
0.11991689564732533
0.6152479004542828
0.6279366040274124
-0.633012436273646
-0.7239273021425408
-0.560790967591309
-0.08626420982085392
-0.4118199132409932
-0.11162959017701102
-0.19175636617136393
-0.7172030250430759
-0.7595033512517242
0.8774123195663983
0.8470651401522078
0.7971235861934791
-0.515156552042418
-0.4079802112459445
0.7445310278151467
-0.3255174468865687
-0.49511357022751556
0.26909563553819593
-0.5441207017949552
0.8917762955044666
-0.33088000986916666
-0.19784199400194802
0.25899700662415515
-0.5013352304542933
-0.19111054854485943
-0.1851181837811804
0.16480210659871308
0.520618485811084
-0.10682398228937906
-0.041635111697247096
0.7492783372028624
-0.4774294699430319
0.34058817224957805
0.881285381369441
0.8214398587168044
-0.22008226692822497
-0.9941563088470315
0.7408522690344743
0.1151902457759677
0.8835767781541228
0.9122598788656178
-0.048974656659925175
-0.3234366043699817
0.29250474790759706
-0.7582634077461929
0.21352840521541538
0.6129500194690716
0.04942263419887061
0.8879971935911919
0.0636847872615589
0.8954749540785651
0.5231462408206202
-0.4512286500993543
0.20041178995355557
-0.222509099526762
-0.6192439139739838
0.5009214376627253
0.25117882394637414
-0.15014970382347337
-0.800999829378676
-0.22189418642332304
-0.6009525053477776
-0.2796866774902522
0.6809923239266238
0.13815418217906972
-0.9924175654373413
0.5906965983714438
-0.11589102936577622
0.8888380229783042
0.178633561005616
-0.43127302743984974
0.05823967024726784
0.16311883766028168
-0.9669179812097117
-0.5544534750955383
-0.9007251281867712
0.9614247334252004
-0.540955622797767
0.27911481620474077
-0.7521789376315162
-0.8630605825732947
0.473846800141547
