kontrolni radek
-0.2520639485753384
0.6339465449525394
-0.7987433047395813
0.2527246503716032
0.7343421596468991
-0.15542645451396986
0.363940951587302
-0.13539592540149337
-0.4939768008117913
-0.5168741398358125
-0.43933765378599077
0.8994766956326528
-0.07612400881233494
0.1274261617891197
0.2884009887171253
-0.584132434706522
0.6984880827985889
0.09589739995629887
-0.8109293175716814
-0.9536666376666636
-0.6384805646612473
0.6023396669795766
0.2628561202073625
0.6430558869717566
-0.582264602845354
-0.815265693804671
-0.08096338430837302
0.6741007320606582
0.6383420907257766
0.5938220782255457
0.24756944645794765
-0.372071675923654
-0.4567856193124262
0.664263199307374
0.6358499699575801
-0.1381969292711902
-0.3865342199869075
-0.3455857320870064
-0.8533259407547342
0.49519007977006657
-0.490610330384575
0.3584353280491881
0.15875764774266066
-0.3638320145807694
-0.8955417199028319
-0.21541653043708897
0.8386666994775029
-0.2836587064489091
-0.5812601869762155
0.5273485705200733
0.7749886751018045
0.2112293593861252
0.7678888186054951
0.5092594947300038
0.8090235696074826
0.6112693663005324
0.8017314169240561
0.3111737024921799
-0.4486162011092365
-0.09545616592720796
0.3287214383711268
0.5078759406945073
0.7277143500041776
0.3848196407736675
-0.4683730910198749
0.6943539197967872
0.014109198060861194
-0.725522811378758
-0.8781058354132805
0.16216984092899978
0.7228032298390235
0.276609800326161
0.060830937463640655
0.07794082877562314
0.3945181688591466
0.30101473985210747
0.11281529036990667
-0.23114234049122317
-0.23537973651217525
-0.25396505300622474
-0.32612481858252695
-0.8853296961679129
-0.26921993601731087
-0.31954300951094616
-0.8902671103952287
-0.31775093493586337
0.6351057957239712
-0.9810908603066797
-0.7059753426107482
-0.5469866334653941
-0.22860101323368553
0.8719796880561923
0.5969045899152488
0.2453685284800411
-0.3478314252041548
-0.3504594796213243
0.36181129351502084
-0.74408676553154
-0.7204645691102833
0.9485973592986721
-0.39269989449383624
0.048001448252809054
-0.23164112471759646
0.8888924951611967
-0.26349134211641245
-0.31550472245726513
0.12674501559368734
-0.4631990067384142
0.3043167997474747
-0.7890746744956969
-0.24200200545964168
0.20698731520274505
-0.7183779298948603
0.6344513680845212
0.8026784218097096
-0.32239061829607607
-0.35299921069821827
0.4554398025544315
-0.5540688738862631
-0.11214502267791171
-0.22755320031158166
-0.019972146122865908
0.5632450841019991
0.08966930479477386
-0.4954230086490188
0.755277685114788
0.5406582151451529
-0.6879418638006463
0.8374816510228762
-0.6503375779846168
-0.2507493391457427
-0.8068200788306332
0.7462886655259113
0.5713670139930656
-0.7807466887967294
0.605936771758101
-0.26494423500711206
-0.8068188786366775
-0.05398519700030202
0.1902167443499212
-0.8559601839001068
0.31594825728600573
-0.6140144300085246
0.913977548653794
0.08569164935943907
-0.33300837705451203
0.16073654817671912
0.44970476331198816
-0.6517077318334878
-0.2835051940460711
-0.6069192667053915
0.5604061146062282
0.24759067103067456
0.5139821156412829
-0.35069850489147103
-0.668963654119525
-0.9767223159221234
0.11386729770767312
0.13177904425990605
-0.7069168210179613
0.7469214107554549
0.10785503349308234
-0.2445801230634872
-0.8340867787578274
0.5878902229148488
0.9939493151768317
-0.7411889540316448
0.30413841959437127
0.30338209212247347
0.661212479352858
0.989351509803994
-0.6634599396635463
0.6738758614384244
-0.056635250437196305
0.27976978837840893
-0.7457955953295363
0.05437739420813914
0.11858220417546583
0.3821734327416402
0.20832321676775822
0.8949044842357101
0.6693701194599642
0.40979838189835927
-0.0620731350145336
-0.14960758595459134
0.5943785124026351
-0.7917983031478122
0.4336638828871313
0.8480130381370492
-0.6532260416958913
0.619679276220668
-0.3701498548517759
0.250321632266544
0.008628679324323985
0.7806777128995059
0.2723686066526061
0.42812490376541557
0.40611472414637073
0.6778834991923408
-0.6477838447188771
0.1851213445671518
0.5517764933256928
0.0809271266755609
-0.8529285021583675
-0.1680050295781803
0.11416370013336552
0.24236982845467425
-0.887092186686502
0.9747625639373596
-0.9474655989003706
-0.7930818584455006
-0.8283802650905905
-0.38727749712479187
0.20993267603691712
0.05610980237465801
0.6043152714831959
0.12897301739131395
0.6466968708787686
-0.10215655550375469
0.0026874970057331193
0.3797739931728026
-0.8322287844314591
0.42323463691398655
0.3325230024446144
0.7142991141117196
-0.9683660140084258
0.9753149886222543
0.525892587022702
0.9243685307961786
-0.6851614518902933
-0.5510213195641427
-0.7879908901682176
0.3377506238132326
-0.5165181737159386
0.2333901890574821
0.5505017117831663
-0.4436261288955736
-0.24673930444436287
0.3125234335141531
0.2159841868526693
-0.7597768137093561
-0.4887302253732404
-0.5756172095650096
0.9547914650363416
0.19240327226595477
0.9194148244794447
-0.8988789321756396
-0.9059569475102731
-0.8148219869554454
0.6117525104835224
-0.7017517649457994
0.6352752004183304
0.6801639325279516
-0.6908864577225173
0.4555602708006561
-0.8404084418557636
-0.12362208187863688
-0.5320823299446611
0.5264851574697758
0.19734724162496176
0.6144812898789149
-0.17646689959556405
-0.2807396211480524
-0.7595816928767516
-0.36443152610690444
-0.3889314640196502
-0.7335509272648348
0.5832042333400655
0.5295150047283765
0.9835024033906337
0.9094922723945666
0.7363205449461412
0.42032969558554667
0.3939836661683924
-0.9291533980754105
0.30400860203929314
0.364254226950361
-0.7759545652707784
0.2506056230474001
-0.9094546121079554
0.30235937051328876
-0.27782887548000645
-0.04819940695467051
0.3620394143565506
-0.6888514701807409
-0.08929815390338702
-0.4097773525483548
0.8764522753660373
-0.9049838882802608
0.47045584452847966
-0.9226518701916124
-0.13987718448904407
-0.7656096097007234
-0.6491290018024927
0.05284521256557029
-0.7699088154780769
0.8911133247237595
0.3634082402578733
0.38516145450256833
0.2618286924943538
0.4854228774443614
0.6382921212810098
-0.42908253918455763
0.9698946363745113
-0.6106793916052882
0.7291768637184042
0.39799291716183083
-0.8958860658142336
0.6604946445137081
0.5745992803512918
0.13937997713449612
-0.7620547545683143
-0.27250288302583847
0.1561022198216322
-0.4192490897530521
0.7254930195468128
0.24746354911935398
-0.7805419227299826
-0.470624112255166
-0.9595086543564724
