kontrolni radek
0.41186944310800966
-0.5720701350175368
0.5125603637860237
0.7453111591294537
0.2690366937372257
0.6996644295979981
0.899193279103931
-0.8708531864251345
-0.7134752561663904
-0.7565380981654573
0.7743432378526467
-0.6289635356824828
-0.09089703351074574
-0.8618328367659305
0.7109261622669465
0.6198155650906487
0.8102029126521686
0.06767714106979761
-0.872441203749381
-0.16490036015265086
-0.41479083820011176
-0.37875074299323996
-0.9463942394544911
0.9108015916194254
0.8784268434905371
-0.20587537940873046
-0.24640027624237293
-0.3287707374577391
-0.704650919862742
-0.28862326109494596
-0.1261405053587037
0.8848493479952682
-0.8025976830299184
0.22166085688342774
0.8551412618092769
-0.27418149893040744
0.2961030449509259
-0.5956027650999787
0.7671906978512595
-0.37277163190429685
0.8511007350190813
0.023543169343030357
0.41240002681999655
-0.11486944593613568
0.35827704449344155
-0.8154511488042053
0.41342658238260466
0.22530156747934815
0.5496088458209629
0.6266906549950668
0.9752048215285332
0.10767559373778557
0.2873564253854741
-0.9144950402851679
-0.1976947934202593
0.751154114546134
-0.5851798414424667
0.5678583900648921
0.3830611103448256
-0.8316573509359837
-0.9569622393157116
-0.9189124002564262
-0.18280024484553192
0.45825697504700647
-0.4697585889046556
-0.08406599178889174
-0.09745547521433617
0.875393470936606
-0.21277800487942677
0.8411947744299362
-0.0516016188005457
-0.5838217807998907
0.14233318987227306
0.1325998708688434
0.01998411563499025
0.6801051186818665
0.9818175871679287
0.05883530648242785
0.8016452475977016
-0.41260861986847597
-0.6938518152799242
-0.4058510544802265
-0.7208303976625448
-0.8564257586309831
-0.051192433470222065
0.16904741265179068
0.28349517659802936
0.2743449122271755
-0.34998776204132187
0.8713359185094327
0.26481428513883065
-0.03911623146183585
-0.0322435374598633
-0.8765768355808445
-0.7695544229150613
-0.7848727229446086
0.45052849223213554
-0.7706811799765876
0.9744867008842346
-0.032819721127822055
0.7139091950380296
-0.9013929150407274
-0.15508497832721968
0.6087838101632359
0.8785221267382664
0.6771936243955254
-0.7984052321001449
-0.4035636001576981
-0.6172147419920426
0.6348725301347005
0.13043598193712458
0.21665202261951633
-0.5386996091580327
-0.844567925434629
-0.4689824873739532
0.6569960709531448
-0.18133174937409624
0.5965610561865666
-0.2957928226046975
-0.009041170563349965
0.8015573353470486
0.9947106728673594
0.7955794554649691
0.7020922690867422
-0.23818137118982952
0.3828172514683075
0.08172783263223593
-0.20561864220386306
-0.9682564518265064
0.16562873849161264
-0.6960301077114968
0.530077669992916
0.9028787940653964
-0.7537333785042337
-0.17237369440857186
-0.09340119313879058
-0.3906362661116465
-0.07013710659766503
-0.40367945192807064
-0.9537325222832762
0.9847262331794242
0.9777759827417958
0.9094440459546629
-0.4016203525522326
0.7331903168396614
-0.32286370960284616
-0.042497005342027716
-0.6235409302270176
0.3986043752229633
0.0023874078096903784
-0.5514022791449904
0.04961890646455491
0.5915998486905416
0.41932479243582854
-0.10634594168862077
-0.8073463157588452
0.02084616834197539
0.542869236714842
-0.3341018942877443
-0.841145234581687
-0.7574798913303669
0.8600174527318392
-0.7557431289612893
-0.7583265832927077
0.450195881893672
0.9905720283205588
0.06931361795113311
-0.6182458409059428
-0.04736826441053843
-0.23234323789621425
0.6234868841948478
0.1450933212844976
0.042833838715453654
0.5693800075090572
0.0015476514151848697
-0.505335137393329
0.7654411014464744
0.42723911767752853
-0.3139578290006937
0.49027316894213047
0.9207027443613811
0.9029229906604006
0.05270787475041616
0.809301075306796
-0.5021978364883677
0.8225195491447752
0.23749115038036273
0.46696847388298535
0.13550869009354183
-0.6162625743485657
0.19244783140527066
-0.8820292768605151
-0.21713250069250156
-0.6489653197429028
-0.14205434937588302
0.4461601310629446
-0.3521277405240857
-0.9330505658578798
0.582053491261795
0.7530297404576305
-0.4294246629142302
-0.07501833545400705
0.6076551029344388
0.01771904270942537
-0.819957311495793
0.43440246716167463
0.25682960496058094
0.6332541234959197
0.04486928900025289
-0.9338701673038983
-0.4985420938540557
-0.7826501940757224
0.7524155940802426
-0.7777793491222986
-0.8153165317685931
-0.37650787735387725
0.7122581753370882
-0.40970531578225344
-0.28085327182288133
0.7993984887086794
-0.17469896791781725
-0.8049290285882835
-0.40718831590242166
0.4189433811229062
-0.46663021342894306
-0.7888725048755114
0.38636148172249696
-0.27424628329943324
-0.07637137728925714
0.5569861632257793
0.9895068350343781
-0.715171703375578
0.4248048636381552
0.6997897429295532
0.386055887436652
-0.14271843777781257
-0.7567454214433418
-0.6368068190472409
0.3365816669252426
-0.863083185993583
-0.9144800410777645
-0.03807911111565088
0.0436324438168183
-0.7548134515210041
-0.44297151225045006
-0.6782918781100984
-0.0598194969852377
-0.9028874759241443
0.14612181746493924
0.30643435673946606
-0.9495862770548091
-0.9467731523671647
0.9220583220806864
-0.4776611276548721
0.042125655303870024
-0.7117071947397644
-0.17153199309177647
-0.43688545679427837
-0.33772399014731413
0.9691556040811475
-0.032252006557630164
-0.8209483869769894
-0.12866880896855748
0.9973779440596484
-0.4813095630674684
-0.3869392234396627
0.4780089130456535
-0.039650763373894504
-0.3586235583629027
0.12548777546084833
0.6072684369631027
0.880178488771626
0.0507002574390214
-0.43144326678257205
0.7433015789613753
-0.7641795348872444
-0.09156541716016342
-0.1921213216192288
-0.11453339437247734
-0.9970080805758956
-0.7406495708380132
-0.05582921133748919
-0.21844019592240382
0.9874062898468559
-0.2808257513018799
0.8406616287353992
-0.5909107757756498
-0.29946381156315205
0.8698118564847983
0.8789541897635476
-0.00668219002229975
0.1991425996627023
0.4159512731011221
0.9447263061989026
-0.9658802090818912
-0.40848621687797904
-0.22768544810336788
0.8500245507033328
0.0038521230291512776
0.6496927600440106
0.8939146010550554
-0.8667591048542815
0.5142928265617561
0.6170284203439991
-0.5583499571655617
-0.42735022342849693
0.5250451087568759
0.09196772694933864
0.40712477139444925
0.6841198903823078
-0.3539150882246338
-0.41827200910178575
0.5605877826059738
-0.8098786114271803
-0.5694054183606989
0.6603682362595233
0.6859804015886681
-0.9670459431550518
0.27543663796854223
-0.2946454772876206
