kontrolni radek
0.1622760447649152
0.2563255256465624
0.7645012592001721
0.6969553836415832
0.5916236755695214
-0.8519451027087717
0.7457194977293575
-0.16523910787970086
-0.7741618785091564
0.601397924785936
0.18544407457547218
-0.4792036875439496
0.3343939572200234
0.8233425045415292
-0.9099471433702808
-0.01701725364424589
0.8616503332012735
0.26533611310902105
0.6781897344084646
0.7680467502335218
-0.7260670386457755
0.1731751723569479
0.14804206821956933
-0.7140264392221611
0.07113486078330888
0.44772777390679397
0.18057042471660534
-0.9298564266343605
-0.09676923291819439
-0.6116663735519103
-0.15065583819326944
-0.08428817283602164
-0.28121260553261296
-0.01944050336262282
-0.007064138780947804
0.32811859855194503
0.7812971516415541
0.8547855900685126
-0.08715409669500551
-0.6708440794020911
0.8675949674892398
0.6783605160935806
-0.32071489118890995
0.05009173881118745
-0.8757489070371944
0.025953847865551882
0.9708183653878313
-0.9484607276589161
-0.6604964651138949
-0.8881788861760802
-0.834874030041304
-0.32956925822051053
-0.7538715126050808
0.7512908288566205
0.2703543010674798
0.3648184752310566
-0.6054904540996295
-0.09598495249856187
-0.2813234105565947
0.7855068708288864
0.7399915882064554
0.7963583636983906
-0.11876422877804238
-0.27366057344199923
-0.787663606474684
-0.025583631352950276
-0.8188581837647468
-0.25924045992654254
0.028858029711018807
-0.33856378879126003
-0.639665702138519
0.5357206522915312
-0.3440729217043488
-0.34674176157114944
0.8519985705077071
-0.6487815377747395
-0.11840417389048463
-0.5440936930068792
0.8978726287207242
-0.35395447340676567
-0.21292812984980136
-0.6240797377580676
0.331838706077219
-0.691420206613572
0.4667689146645244
-0.7845095789711127
-0.3485344847762768
-0.8368781890896275
0.3581727685837963
0.7944432217419184
-0.5824946215148306
-0.4872863774680807
-0.6624715300091863
0.39000940807649775
0.5016652865459239
0.921127005934985
0.005876251537372923
-0.8039791668864769
-0.668733271153074
0.5503339702626227
-0.24477502153741204
-0.7111667745336947
-0.810868346079453
0.1317853605310053
0.3711993333580046
0.030864301737865585
-0.49125544046483594
0.4485417863418435
0.799209866075898
0.7335081960311756
-0.7290647072445193
-0.9229428899250902
-0.3879902023623356
0.434074867130239
0.7593955542926489
-0.4727704821597212
0.3264998438841076
-0.5939746440155851
0.8205617257246323
0.29475852379531076
0.8113714466207262
0.5485119134517413
-0.06331124159164814
-0.2753087457424752
-0.3696143740742792
0.9206022326348817
0.6106722502421671
-0.9298322802634613
0.25571710604829523
0.9705047398852975
0.10873176684713481
-0.6774113910650448
-0.39395479437024705
-0.5191599295956106
-0.06569166348977262
-0.3916909481107602
-0.8126362337509814
-0.5050572288829145
-0.8923674314113801
-0.9695353513405072
-0.8959762322299778
-0.04132448570374048
0.9991478671658378
-0.06201302130326036
-0.08686646781675278
-0.35979968327951717
0.9481457918540985
-0.7239215218965029
-0.4199563623752065
-0.16791566272320568
-0.9775741072400113
-0.8674825680129081
-0.8404656451290744
0.43044679269285213
0.4747780296793942
-0.7739427764077753
0.48513177276147723
0.9877610179151224
-0.16555721989010252
-0.21473848642504634
-0.8395394955042104
0.8081979448018985
0.11155822679178162
-0.9794974307887296
-0.2873087877298872
0.8483838969182067
-0.3835730231314767
-0.34878387377241493
0.7854086569060936
-0.8801698391713075
0.8636412482256031
-0.7397350099179361
0.5207762496153083
-0.3014158164978429
-0.30117736825256003
-0.08402173207256602
-0.49365152852920824
-0.2539122054184271
-0.3741909934025287
-0.8007151259576104
0.43145609072945534
-0.2749999213346297
-0.8297095984179257
0.3885190767271465
-0.4196045013099734
-0.5191252983974854
-0.07840409815238636
-0.5231507776246969
-0.670433772672659
-0.9176138387881565
0.3380134059670037
0.3101273852725037
0.5508026742195378
0.4151004277535244
-0.5706220066004148
0.4211064995062579
-0.5583244532776963
-0.10726394208498302
-0.3858008682620959
-0.6563639193511914
-0.24927607472923974
-0.8029907109261516
-0.5169711169025875
-0.0458354112685988
-0.9131931579248145
0.27039424879499374
0.9802282318078355
0.3657593345109431
-0.9200521981975982
0.6967501964139629
0.5375871975342983
-0.745233112224224
-0.06270930521725138
-0.8384276629581462
-0.04774595944909277
0.6969670587081607
0.7127650077931935
0.6840274823904842
-0.5078067720823762
0.07857268650374483
0.9293083693781936
-0.13453430961478174
-0.6366616434168899
-0.15207419123291044
0.3606162302562572
-0.8722176658947067
-0.41984164257575274
-0.3419731169007554
-0.8489289146553236
0.4769802551891158
-0.10425631683946635
-0.3875393124919322
0.5292897649622526
-0.2007134885444164
-0.2545032001437302
-0.6660231790144342
0.6996813789759015
-0.24133091757357006
-0.19487570660500664
-0.17149742540537694
0.38295180658745265
0.7466586641014725
0.4429104649118403
-0.03385141301637029
0.28698509573252884
-0.571152833333753
-0.29047338136389755
0.7218346701120935
-0.7886145427375919
-0.5901040648350053
0.064596961649102
-0.3085084805440612
0.004280936607199415
0.6413237645958638
-0.8001096871788251
-0.2529555470703635
-0.5029091327449473
0.8897547629093201
-0.8169932486196787
0.5705970388410908
0.0902948719776746
-0.16981170828896097
-0.9070793344706731
0.8681857941630362
-0.4585855172821218
-0.8337581085580597
0.46672148103607447
0.47655123021141876
-0.8722971995370483
0.2337393526325342
-0.6587756929066215
0.5697932418947906
-0.12535292781628726
0.8551387237907446
0.6980299468561841
-0.9133569562931352
0.24958317502610017
0.03126756083238402
-0.4318627359029725
0.61265429590736
0.26321338183884224
-0.7305590390203989
-0.5684952131755099
0.8925387237624738
0.9802006745158065
-0.10877896749174276
-0.3032507450089088
0.926010713523665
0.39168912502207176
0.5221944462400927
0.3312540138597355
-0.21955018371129853
0.4475262421225821
0.1254132584514187
0.4236192101949263
0.2308692453154766
-0.09292633190509547
-0.18691966746310307
-0.007522340394269911
0.7646239861228901
-0.20870800657543764
-0.4532267393446965
0.6900583745844389
0.7901264279217968
-0.386778117640606
-0.06695972634747704
-0.9974196907757444
0.8377470439694097
0.946286841088789
0.7973727701692324
0.316154495615514
0.6040923989917009
-0.9394573195881535
0.2870995454069709
-0.48645987498643284
0.3035794014861648
0.9553294159250645
-0.2114471294298732
0.8892191729058518
0.27941567055046
