kontrolni radek
0.7399775617668578
-0.4487586457859538
0.06807780050939227
-0.9980545363135929
-0.4144537944437181
0.9032922795336646
0.006005246441372902
-0.4238541439709844
-0.9410867572500439
-0.9363907854761189
0.5970991605560754
0.5304202016853077
-0.6171490468194232
-0.2387696605870846
0.21227915383834883
-0.2356192072093355
-0.8918899283278803
0.3377599006025367
-0.4826929441323755
-0.20346210900176365
0.43786182805660356
-0.47844395357844327
-0.27197177858071475
-0.0012627393286521738
-0.34498315297732507
-0.980064117976897
0.8476058981238765
0.1522263349622892
-0.1639040125553597
-0.12434340287432155
-0.7723990858720251
0.47434886719082536
-0.24005695056222964
0.7304874958395089
0.5484789458836228
0.06152108216676111
0.17336509657864685
-0.010833626054862266
0.6765013012047081
-0.004857210542444701
0.189454971529474
-0.8599212137507766
-0.14492282953828917
-0.7419537689786195
0.05554069556879804
0.9585787781614876
0.8341705489449185
0.5663369018969131
-0.35145566948056306
-0.14151162779513848
0.23018526089125246
-0.4254692579501562
0.5784697189030401
0.9874625280740337
-0.9277333465509716
-0.9765939853933339
0.8638389137605387
0.8450737505977224
0.12064144241742558
-0.9633743630095466
0.23004484161849326
0.8505415012262789
-0.4525996602790323
-0.2763166187943804
0.16056146505690272
-0.8276304401975774
-0.07966872244548551
0.7161227162730897
0.15002417822022407
-0.5283213089715348
-0.7508768305828506
-0.3006989259237296
0.8237346748802743
0.8055375635514717
-0.8393415029754787
-0.46980278278214316
0.8400388098057117
-0.13499305649305993
-0.30611620426918074
0.22768968724960903
-0.47376396396465936
-0.71927975106637
0.3279341699929854
-0.49619772339919543
-0.9672557409002387
-0.034418718642827306
-0.5628256316465603
-0.7835220204467592
0.6199959318605557
0.8073150190399383
0.43327772312605717
0.7200359204151328
-0.5459876374507147
-0.7551991049377493
0.7255653715780221
-0.568997772151592
-0.59046307790884
-0.08503007917347016
-0.0971870772591521
0.8249326294402826
0.4630143459893361
-0.7380484928013946
-0.6365980927478532
0.18040392372225256
-0.8524281174633883
-0.6347931474023092
0.3433668104481018
-0.8923226565798197
-0.6757479555430088
0.7426350980384333
0.6760899550109756
-0.10717142236599275
0.12993434620008282
0.17493331700136516
-0.5886356829453812
0.07135194823972313
0.2049610630779073
-0.8764584631839363
-0.17553377686912985
-0.28974013754207695
0.6155420399879592
-0.975854818114027
-0.508897399520845
-0.910888351547074
0.8552563232778314
-0.7518274970238541
0.7858719332168025
-0.07976524532812701
0.6629916953344519
0.3120504353843754
0.6368124359548784
-0.6089714825569918
-0.7543173373173466
-0.7005829702042532
0.22307826120992913
0.7835771243505654
-0.09777661460070508
-0.9694919006682081
0.8040441015336113
0.2649607040355706
0.6460291144152499
0.8428795105482827
0.9622006198719619
-0.7168775484924852
-0.5574395741580147
0.005494045200185482
-0.12678112352504955
-0.14649991972157328
-0.11575614266785372
0.7900203324363655
-0.5867552250491519
-0.19848976026993803
0.6171480320041749
0.8348527522523486
-0.6755970032709275
0.9421791639059027
-0.8695352682227075
-0.8981451309377506
-0.41799934332737676
-0.2277140753971263
-0.8564909152988966
-0.6784743685307486
0.20396254525768143
0.611934049413666
-0.989663044702477
-0.6143224143271653
0.9805879274435134
-0.8063569257107039
0.8082706075357726
0.34867039715384807
0.4634229380496475
-0.8091261153849214
-0.8905232888042556
-0.8369978604153139
-0.4040123243120699
0.3298806875410696
0.717576890052134
0.699286205440941
0.2870172029061142
0.20957981389371172
-0.17557049570582084
-0.11086983210318113
-0.8833060415584681
-0.8588713961914309
-0.4351523293355417
-0.5758202549900981
-0.7013112644113146
0.9361557552281157
-0.6387838307491822
0.16665180072388042
-0.9011426551766928
-0.47426447464444066
-0.6939123041257471
0.12410293965343766
0.7249163103643101
-0.14655433958034436
0.06060765802440948
-0.3225735987613141
-0.4726884389576449
-0.3651272859772925
0.217075291956085
0.054689357438698405
-0.22172598687267842
-0.6024202655375599
-0.3278489780879561
-0.7669515368226671
-0.27819811391846927
-0.00964475071165638
-0.49371844294931355
0.6978656336317437
0.8754759205558034
-0.8340088287374117
-0.7161631402024902
0.9247242559191964
-0.8095406098716278
0.11717808170132926
-0.7134722085336005
-0.3450781505368774
-0.2240393982385518
-0.10223929330125725
0.462593400479806
0.9326095862585999
0.9530565578269636
0.3033689316435739
-0.16156798954925655
-0.6515485894036055
-0.1427684685597126
-0.09536306193314825
0.04410610316834607
0.7789361599725806
0.6005904427970037
-0.9179535375834664
-0.5877829848150902
-0.07719666811948489
-0.710236659165729
-0.21987441056876356
0.5526932718577433
0.6433652357029478
-0.9671258567051377
0.10206436523887863
0.039761808327182235
-0.19258739037805506
-0.8255644210869826
0.3755198975204932
-0.1579001047944677
0.10401076164753098
-0.9867974032235685
0.05673178909644716
0.9213833814746721
0.4639783262939996
-0.6048758034525172
-0.029322968181112685
-0.12361644579333153
-0.6442635637562322
0.9991682166595206
0.7467147088971329
-0.47125939254794
0.18089602786141734
0.6860422315492694
0.9289535590391782
-0.7626699493732512
0.3186991319301353
-0.7303471533382004
0.25255457252186386
0.17096798527897472
0.43163520898921615
0.046055056182346954
0.8843100583260406
0.7438827023838863
0.6979189455933736
-0.14527891505543522
-0.20560665403504275
-0.3795624772764339
-0.9590304038011181
0.7318931669562734
0.30346598301758965
0.353000719689047
0.7683427113123957
-0.4721798037798288
0.12011046949727433
0.49532029370492814
0.8209865083922316
0.6671665784949006
0.3391561115945789
-0.7943866970375599
0.42992390659443513
-0.8401623786090546
0.344108554980489
-0.9910114173511113
0.8084709817948177
0.3726076061613488
-0.2769002310266051
-0.78138596312805
-0.6391025431033175
0.6630032311799396
0.1815258284501169
-0.8450371516837292
0.5551289508134838
-0.5674967434335474
-0.8480163060791086
0.48912005163733796
0.1383263545865825
-0.7745070910227903
0.4018026308493319
0.9654467452856574
-0.7452935657397428
-0.8587213395974638
0.6463739079792821
0.6548219813654632
0.22663917611780926
-0.873740131259777
-0.4325109963383911
-0.2854044741950088
0.4425027370921122
0.368066769270482
-0.37999473894033
-0.5401680207143278
-0.733932958078364
0.2609876684974899
-0.6705910158319759
