kontrolni radek
-0.8482260313744421
0.6452243691676136
-0.3201943983033002
0.582301054786825
0.3879447151014319
0.8350451937056711
0.7992690435313905
0.28705624240784977
0.64616128382101
0.9719319918488085
0.0021049250886655546
0.7812916871208031
0.09203716827732866
-0.5252069573953453
0.5644290699672536
-0.7385717736992523
-0.3548167737936494
-0.8749623667566704
-0.16361175611883927
-0.4266475105639673
-0.8652146186209875
0.5417444823110678
-0.38821007470531077
0.6957626580572851
-0.1425132253864525
0.7639991408093816
0.5989622982250793
-0.5340115755585801
-0.49257332074933835
0.8033063603667785
0.654619161235406
0.17768718878831202
-0.030756001661908616
-0.9645864673718689
-0.7822496774101946
0.3268991676132369
0.05230382792805566
-0.7336828999857974
0.6529930446060763
0.5514457936465538
0.6250347726435217
-0.3179346452133409
0.058800249745197375
-0.12655224013459665
0.5040983114109461
0.2199597594584055
-0.753427895304988
0.6417184649045049
-0.7286956805506002
-0.38221010031706637
0.696783053498051
-0.8894162200421392
0.20661912010630235
-0.8400244693706038
0.3109460228739853
-0.5187213948439415
-0.06611527969443065
0.55476366938606
0.3421151011453951
-0.2506042754691249
-0.5168807015062695
0.5575012651328886
0.3536998327477816
0.5607658456928464
-0.7705578793753978
0.6767930651876628
0.07800307968063236
0.6825346069198883
0.5431848108269048
-0.835107619517105
0.6081532026470704
-0.4416848351114502
0.7324120262138769
0.877608971822764
-0.675593155458275
-0.131581526214817
-0.06426421848118591
0.3489602057770067
-0.03818466077626037
0.3312952820449575
0.056754828641825794
0.6489877423718491
0.42048464485864856
-0.8913674860836438
-0.6551546037872285
0.8810142613123926
-0.08640218948776579
0.4225306905793307
0.4306303893167607
-0.6288499721453757
-0.9016444264779973
0.681943105985708
-0.5213872246765914
-0.012604967801549849
-0.9830501970666512
-0.027844116497271143
-0.8950527342600199
-0.5247833801335458
-0.6886054983231265
-0.04013497985067982
-0.354562461939238
-0.8727996794093333
0.467862932708637
0.6208784128430349
0.6796637360617426
-0.7482486846494691
-0.3808044023171486
0.9166284517560273
-0.5933832821628284
0.2818482637978763
-0.7436451194125644
0.6645428805261346
-0.526452168291665
-0.37847571939178404
-0.44617165465243325
-0.5137440459123612
0.5116623804790577
-0.12300022664352972
0.3182236041552773
-0.045829840232197716
0.5147799982628714
0.6995862310456267
0.9439785130537153
-0.06244326405665346
-0.43838021849172826
0.653702836539608
0.6336213655857947
0.05263597253357677
-0.1036980764517954
-0.4739170234947372
-0.19290321040774416
0.19300486970359687
-0.620198487491203
-0.9016420238127791
-0.7191970069298137
-0.8473499984755677
0.16556634031049833
0.3706460403763976
0.6224730230933551
-0.2812306161359561
-0.25156673627992965
0.9196792237846498
-0.104620767538957
0.8710873345438372
0.33159131195005664
-0.28911260309061304
0.5254304152291229
0.4171582540495431
0.00577328333053484
0.6589756760361105
0.49061236707619216
0.886770383759413
0.07530158188708724
0.57108727827651
0.4819396307033974
-0.594746716027297
0.7727171147791121
-0.7536303884674931
0.15585995196002367
-0.9335338264349742
-0.4787552012870908
-0.7308195717490102
-0.7531704361206732
0.8926455820619796
0.6859635720506643
0.48305501191371203
-0.917802654728846
0.5950098762787959
-0.0580668592357545
0.9573835139613578
0.8835135607210436
-0.7883119642159162
0.9495798596397556
-0.9336588473711283
-0.07392014786597323
0.5089876601873689
0.141251656254473
0.39830902712381366
-0.09700937699768875
0.08069984253805274
0.93179205966697
0.21179082178569852
0.2166729618857559
-0.5761146161786066
-0.7769702630978448
0.45329402336077274
0.3510578835865017
0.07790325081656246
0.18261703490563597
-0.877867449735722
0.1412675607068774
-0.4119667086319523
-0.3601186435051318
-0.746437613397279
-0.4980371828832941
0.568093648031843
0.9886515690640096
0.307308744950872
-0.3829602905558407
-0.6038612929282123
0.2787931671934347
-0.42504523551975426
0.8019313120396656
-0.3401837999013022
0.3333500628519468
0.04595139085768962
0.15051764724701155
0.8255259752103432
-0.5574169505946263
0.4476842485271
-0.7267453250075091
-0.4783063738474591
-0.3382623568568879
0.4121913179846153
-0.3808781730263142
0.3336016041843253
-0.12512671763330152
0.6294748344323411
0.444726297687561
0.5824336347345751
-0.6862344477771596
-0.41658010086856456
0.884351939707839
0.6083120722939919
0.47939853818010447
-0.9923998069557234
-0.4494078473006087
-0.9378332489128209
0.2929473214256033
0.6679604955134146
-0.07411114382607242
-0.6571801350673869
0.5184314305017776
-0.4129299850393564
-0.01828163989649756
-0.5839145207712577
-0.9754940747888905
-0.2885316041620489
0.5345070962584284
-0.615382958610236
0.4604547713593421
-0.7642242387429055
-0.3829285571541823
-0.14313090488786706
-0.9553313809632908
-0.40191887959082284
0.5890067920311861
0.5861265009077854
0.9994933324002109
-0.3334716841929677
-0.11317255514477886
0.9692378596466411
-0.4922089200201418
-0.12787435786886214
0.26028443552678215
0.15056925166167723
0.03665112172166385
-0.22629186508214172
0.573337538835436
-0.9454529934138067
0.43269700597539584
-0.7943384643899738
0.12355932230180056
0.33446213893315635
-0.836101803253209
0.678961448932593
0.0867912808670821
0.57866976058113
-0.7090402279518788
-0.27727384287929135
-0.3265860272103327
-0.603477720827019
-0.5853006195641977
-0.6003069839531245
-0.2786964435060002
0.30546102317874335
-0.8903618842605445
0.8355736889159213
-0.7822134709515451
-0.6236197108227906
-0.6741716528008503
-0.5699205937233016
-0.8860548487242166
0.8436686083746396
-0.17337463136914377
0.09816877167620564
-0.30238541064391655
-0.23459411243700878
-0.4410650128162741
-0.3067204611160397
-0.7028240343834189
-0.5204485857887431
-0.7646962723532205
0.44436096062859365
0.902299245648895
0.6600197635527347
-0.27703792113376347
-0.2914838597455711
0.024500503938239993
-0.9319726984500478
-0.0025306590467959467
-0.5224291942166992
-0.3021335152569551
-0.6387372991468601
0.3863288479615119
0.6430145234040199
0.21592377214002356
0.776355264205894
0.028928756517021315
-0.042514473822689025
0.9626069084380822
0.0017665872982008946
-0.28178618483411566
-0.7555718577039106
-0.0319775239877389
-0.2743060208896775
-0.30179737304850973
0.8035316276996964
-0.8055570593717014
0.44527459197655683
