kontrolni radek
-0.8698680134880559
0.7004472375302206
0.11097370346462654
-0.913871047039911
-0.3597168344673891
-0.10433162675756891
-0.2017028680597801
0.04435020634358433
-0.43501641401693947
-0.5822436761721221
-0.47321919494079046
-0.7487442490776788
0.76635567959525
-0.508305785155811
0.7036974510023837
-0.05932629857256799
-0.01234810686925547
-0.9764041422884058
0.41840659773889244
0.6597426865767211
0.3913924787508687
-0.8276694577234578
0.3927321143957083
0.16829154086570974
-0.2911472132684292
0.0958195451828805
0.34452096666642706
0.6378178988161689
-0.3765352333309251
0.005343168640936646
-0.9700239929620205
0.45827209847551176
0.3640857112282392
-0.044182070370940796
0.6727927351532277
0.7957849065396687
-0.6646916792743678
-0.9400803287901998
-0.07941163734276624
0.6602297390200238
-0.7489271630423486
-0.2773271835960196
-0.657137855639581
0.9186223932954165
-0.9407987820616162
0.5315162012845627
0.4908164227309857
-0.16167287706973954
-0.6381211580822945
0.8520690362705474
0.27857212509845763
-0.15047595778824152
0.7752029724729694
0.7340471477732016
-0.6593294903922053
0.3952877073896133
-0.0250870091600377
-0.6524777181098218
-0.4940021327539983
0.5580289771299733
0.40059988600908514
-0.22451216275867591
-0.10332895460059666
-0.3654716137030276
0.9175164013458774
-0.5633291970321321
-0.08293961630771562
-0.6974967786128061
-0.047252519398521375
0.354161084702888
-0.30353902012086476
-0.6311908980345702
0.6221519654915009
0.8865631295209058
0.9053686805685917
0.12110168552455769
-0.6294390965222969
0.05469162935825134
-0.574114929130221
0.6670400373744232
0.15624484389561455
-0.2719634084214
-0.5743489350701556
0.31141175059559556
-0.4662695949730009
-0.3538759784912071
-0.3409043504274998
0.9325416246123119
-0.7824072015802841
0.5857528655597877
-0.4182875700275197
0.3810280522914249
0.8305718770228148
0.09673442454872871
0.20084114985224621
-0.5695003403484908
-0.7663417476962564
-0.9728327916058495
-0.30257344526913976
-0.9352818696576344
-0.4033038044176964
0.4619137451943287
-0.6148052982973049
0.8742281965123098
-0.6832438948812374
-0.567349676106369
0.0016383508295674254
-0.10946305616513796
-0.26773962627170533
-0.5516184160977085
-0.528524385671232
0.6282215023332158
0.3936855110633639
-0.7708988185046606
0.5182317475392126
0.5493415459399482
-0.03169397548258823
0.5269966235345385
-0.06270627403421636
0.20777911783376668
-0.20806165983205505
0.07580775224567593
0.20882245917675535
-0.498719336779899
-0.7366921117976839
0.03818090117322748
-0.5693785071749085
-0.9958293298920717
0.5728430979285171
0.1969706192016798
0.3500814617914385
-0.2592949531317108
-0.9250643304232156
-0.14231073328238852
0.6798968628624731
0.5921370156162575
0.32165567765795067
0.8778044767680226
0.3605219873942487
0.5312120519123613
-0.49135111745417337
-0.40431917784608506
0.3702259073481331
0.41747103009276265
-0.08980273881791256
-0.10449734661167143
0.9188424823511034
0.8905928912038663
-0.19564421125093312
0.6551385200195989
-0.6380553964984079
0.6169466763514904
0.19414948208508442
-0.2785149286770101
0.007833628522973868
-0.6781454051246951
-0.568889886063618
0.7171744058567486
-0.5059489727328439
0.27667232492552873
0.34958368685278907
0.779907393017929
0.1788532870777504
-0.7180384535390392
0.07255737343310775
-0.2795674124019325
-0.7339666136016225
0.025228123308900674
-0.8239205657411277
-0.8268633891987078
-0.3044109662032555
0.785386639283564
0.1015143802383931
0.8200470209606623
-0.913755180312211
-0.810819671590796
0.35924613300751096
-0.6404987229143257
0.06468493793733598
-0.6358306595498988
0.6743512389315391
0.7951064850024092
0.15888315465973402
0.28303799603917557
0.8183550130931345
0.5157914612642065
0.6507260496112282
0.03725622539241602
0.5770300394443282
-0.3050468065765626
0.988858274110445
0.6304746006407567
-0.3808988723974769
0.4052251017944939
0.2539759590199735
-0.16719815890664558
-0.6205108342433503
-0.16209153746593774
-0.18397937929821362
-0.7985092850879643
-0.39199306645686716
0.6000003169011778
0.30204123359222823
0.413756992958737
-0.3931301690475606
-0.30119770779004296
-0.8440566087645476
0.4854778281150154
-0.01902263000648019
0.29814217069666205
-0.9277477406339569
0.3350044562766463
0.4938554691344157
-0.2452829839086499
0.8029539094727125
-0.9697850234730594
0.8104828212276387
0.2162132837999784
0.6364436745215547
0.45577437479561467
0.9943658272766063
-0.09576324868374031
0.6691195936571988
0.7588529288741719
-0.6161069527326002
0.099873385555723
0.8079789628550129
0.6764558013494864
0.40010017441581724
-0.15650070989234388
-0.8630794423450363
-0.15146294155158535
0.03607791451959552
-0.23863809573695893
0.9488806109815653
0.5090737928959683
-0.3562320774736629
0.732311139803635
0.6707046778107553
0.9592562851870545
-0.3384638162988136
-0.8462775470459019
-0.1693657889611888
0.414900256581306
0.15732643492801923
0.6718641918507113
-0.038331881259444645
-0.4746529627640441
0.18336520963558844
-0.18573711316687458
-0.06585514415621674
-0.18856863257733725
-0.14573886814749692
0.817906805985936
-0.6173919763546651
-0.7118384087124805
-0.37704020675798366
-0.9847226012103709
-0.41582824476227476
0.051128826784506254
-0.27552889088880805
-0.1203926092038421
-0.42272372934923585
-0.6900606090708767
-0.4847294258976591
-0.9599143154437844
-0.639960383123553
0.9253898685801174
0.8907491956570326
0.7091980613755251
0.32278156937362623
-0.08525794288516408
0.8956520838742197
-0.9448545030181088
-0.890365117683857
-0.7690831920105268
-0.2877209633802593
-0.34842690359047657
0.7057304945406278
0.5675261062011903
0.18294813338469895
0.1151172049726148
0.6827050851391263
-0.7025356825231588
0.42784941725048653
0.09649798906615703
0.7552177121639527
0.8516828566660122
0.4224831881715563
0.01798396384926959
0.7192448287900226
-0.5959519921246292
0.5933437978347631
0.8617940720259611
0.5916909552034813
0.47334835976392897
0.05617870353099663
-0.8790593933612947
0.24963286809179386
0.04577633736797915
-0.7631562410519226
-0.11029317107360614
0.006709632357937201
-0.6740771418203886
0.8490184335591293
-0.17848045346852115
0.39672155723729463
-0.17096086715557135
0.1296789888777521
0.7318850066410403
-0.6775544375075386
-0.484376818962734
0.6181918090458154
-0.7736773797765899
0.21440509703669397
-0.06601795636294105
-0.7145402830846321
-0.7338142540192474
-0.2511604110055261
-0.10726581882134734
