kontrolni radek
-0.7884513435538951
0.394297867511346
-0.42449279895961967
0.039991335717004306
-0.16250916580903252
-0.2208968798281714
-0.6399654380770594
-0.04661953950910536
0.19771802986992792
-0.5953540877593764
0.574242612239898
0.7286847484784404
-0.8529773559759639
-0.5676562171702015
-0.6505891386489491
0.03502950037220698
0.9897032069771234
-0.5090163066082594
0.25871682226057424
0.2895804276316061
-0.9568501512857177
-0.3667798801396944
0.9894196502272288
-0.754593758169841
-0.2928966026673616
-0.7618964707852778
0.7918210591284633
0.9674211715539283
-0.937460215658086
-0.33761975037272496
0.7865822338506987
0.4001305809469684
0.19990968083652816
-0.9413565819967737
-0.6184649416363626
-0.14987120256169217
0.9462119557764939
-0.7616753222678698
-0.500925785856678
0.7126292906707616
0.9017479789476905
0.7141634671863304
-0.4081506991865351
-0.9136265750690824
-0.6368878735029151
0.8485080837513745
-0.9021125787895818
0.5584852943697607
-0.6834239371318587
-0.021978562994006356
0.37428834946870615
-0.8749722587188511
0.5063649747461092
0.8477327485853092
0.3437455577902606
0.5337851239610767
-0.6500714260011631
-0.022059409490795545
-0.23281991257275703
0.4721644453565159
-0.024281323931694132
0.1992244683895572
0.749687653659556
-0.2610859710449993
0.8043893678750025
-0.8591463051355759
-0.20064948743986033
0.8224770331073943
-0.5181942551925758
0.9008084567926284
0.9482230995678891
-0.49074817716551644
-0.6556915349223662
0.010211160113329676
0.013978755571933954
0.23220179026395615
0.1293939193812228
0.11149506197532744
0.28614003246771547
-0.9162844105288896
-0.571142530208929
-0.3326948734131685
-0.7419403088773688
-0.5559360824266366
-0.24301830473489616
0.6948487258376392
0.9560178931359502
-0.28276869418274964
0.8471260831812792
-0.5862131046514243
-0.8232005938621745
0.23067298605231845
-0.6345861615606854
0.04070533063587489
0.061243726191281045
-0.8019406425545752
-0.409377705312705
-0.6254128598804038
-0.07869652050858589
-0.07803377085604368
-0.6743727275569946
0.43725770705998146
-0.9886471789202573
-0.11758708050690547
-0.998561994216524
0.44481505635466867
-0.7318176570568875
0.1011706323439081
-0.626428868021432
-0.4254700308208841
-0.05975994734664636
0.6453088254492656
0.5542267998905177
0.5631471390383513
0.4824156162348634
-0.5553096480341233
0.0548053764414389
0.9854325966211086
0.8352060697261643
0.6855653902120091
0.6564465118790108
0.31012385061019576
0.2699626270629776
0.8546308026995719
0.5753394580876781
-0.7716598264793766
0.9564376965484918
0.23856942770042822
0.17184836283356053
-0.9743521914006759
-0.7170869821902537
-0.34690335244965076
0.2331205180821938
0.9542247058535964
-0.4714090258076322
0.9953676486100536
-0.3420701915497264
0.21066406471495247
0.8561968343786786
-0.7204175476249095
0.8385523120983376
-0.05674033756496977
0.010093438672933441
0.9824173645795604
0.04020964639847291
0.1740437464015483
0.6604177684158663
-0.22935817709686201
-0.7481936530139546
-0.15916748927747593
-0.05276809788852366
-0.02035840247762777
0.08433048564653034
-0.25652238539819394
0.6422804109307163
-0.1973747193711386
-0.5928551541746463
0.9456081707905017
-0.7003797946055292
0.5631475280155158
0.3272096313491857
0.4706185916915473
-0.19425516239382956
0.30047105251784956
0.30188179418949357
-0.8050803965734514
-0.6004583194650968
0.5274798632769901
0.6243926625783593
-0.40486664922349846
0.9915783676728092
0.12947682802658655
-0.623703076837067
0.9985247893605722
-0.12823917997935586
-0.26588172529450316
-0.7272165498489163
0.5009542301334922
-0.8101109195786378
-0.12823778086244442
0.448464185428487
-0.9138061057922924
0.3567606396368983
-0.8275131110383986
0.391703237418805
0.09959586097644824
-0.3990192794897507
0.9945577309941716
-0.3127326276830902
0.9000506027973298
0.04480083502593746
0.48359026034498953
0.2429404982160317
-0.8751531842281999
-0.6583382566811229
0.09722448742672496
-0.7475402269397642
-0.03264986137657644
0.20870595297301264
0.5312816088208641
0.7803870171818594
-0.019616140121558434
0.15913162434367867
-0.4759116713941123
0.2964657564138149
-0.5903800484884225
-0.0016525935951763326
0.7364285418570131
0.25654907641735725
-0.23768148044712012
0.6933979204152172
-0.28319952655384295
0.9881929664278604
-0.728050179020028
0.2598781980725853
0.6681235291255896
-0.21932330733543348
-0.3964745290650957
-0.9831496475721162
-0.1790161143645792
0.15172134580639174
0.0176684952482844
0.09402891092538379
0.7364777298703995
0.6658222308281572
0.6407920706879704
0.9208371414090801
-0.6250929431900798
-0.36837470732658417
0.6755056420247361
0.7614289093811437
-0.1958432326303985
-0.45753112350167746
-0.17315658791271993
-0.9209159888551484
-0.6001195180131935
0.4966822311684014
-0.13055580210471418
0.4288567569510955
-0.9339457616530669
0.5461744653294964
0.6799608121822358
-0.415739471949353
-0.6812384610034408
-0.6408520641664264
0.03882472662732783
-0.033651381989786566
-0.7394611116189218
0.0018555824391841558
-0.9896340917154618
0.06321111003583257
0.5095602821547058
0.5651558780910495
-0.7075748135048199
0.31749352897103833
0.5681115260254783
-0.32869251640224184
-0.6485045775963512
0.7611544709731402
-0.5853967328569352
0.22814263363786558
0.6482997721480561
-0.06052418714158003
-0.7668510546639316
0.18158888926935668
-0.6699757751194293
-0.8164635087234127
0.3079305743406795
-0.13448492754882402
0.25977802743288425
0.710772441794121
-0.13935054951259862
-0.6459748400024026
0.40983433295571614
0.17983303755242863
0.8117500969565552
0.21831460538180125
0.029774080051084173
0.42346431404798457
-0.6437407299173892
0.15343339059355965
0.31562904403832204
-0.3012773803804225
-0.4041210493737468
-0.24256149299863194
0.9048695333813508
-0.5282326207352848
-0.9986183706377201
0.27076250165771865
0.8828133849310056
-0.47373901403923546
0.8000734323020233
0.1571718151278474
-0.8308110147018843
-0.9945986419676112
-0.34714751645531106
0.9582102283838565
-0.1554163639218311
0.7479542339556837
0.5367192186940035
-0.5385247221461007
0.22771057505127335
-0.02980976379575484
-0.5032029435239715
-0.5233773026315247
0.6842844534939174
-0.26714431096168
-0.9603827596549015
-0.9432746577028224
0.3321219553205059
-0.6583648639929138
-0.11822940520072911
0.27480953222335347
0.2310313536516766
0.7185959562536512
-0.2685111064929009
-0.38976178756282787
0.24595507045642462
-0.9513814719417379
0.2241009971364405
