kontrolni radek
0.8475256049306531
-0.8517933130737945
0.20393265164420904
0.9161375839040615
-0.031230065525071377
-0.551898376417308
-0.23051900304094874
-1.128151015158829
0.678103483644338
-0.8646055001818933
1.1777013051454728
0.19890582579480687
0.05840392987145182
-0.7246222265136204
-0.01143428235239674
-0.08666658135359895
-1.129464012851312
-0.21709724488318782
-0.7541656345253851
0.2471412338257586
0.7082699273579425
0.763802593732484
-0.6650922340416328
-0.8721312730489053
0.10993749573900313
-0.8450360961714085
-0.3968932066652764
-0.8887865631414757
0.3919587931731896
0.9395832364823087
-0.4210600538160057
-0.9310738531791825
-0.6375907535606873
-0.0021449744324689712
-0.2282638337448062
0.018428152235833606
0.7724677165245364
0.7672846629632997
-0.6548096993813735
0.6175354129632795
-0.5225810044960297
1.1695118030787985
0.4866895099865636
0.4408769547369542
0.6285093151949461
-0.3550969999819049
0.24979154612753976
-1.1479251358391944
0.12450870408597137
0.34448790509552607
0.6398377592837301
1.3634413654116222
-0.24264246566866543
-0.05375362829457453
-0.5619722227730994
1.2129333299577465
-0.41246477443005447
-0.3234605130960404
0.4507483233314191
0.11140445320589731
0.7890758102379918
0.435566196138224
-0.3350080050689096
-0.7644899989065324
0.10012861213059443
0.3959105975344841
0.37092932464067996
-0.4378859940226483
-0.25746519503826315
-0.29167733920014194
-0.3522931807283842
0.9929893552467242
0.8188167369237762
-0.41564681642701085
-0.3692787211336822
0.7382604273457327
0.6705505908017624
0.045411253680716746
0.4989150959324633
0.09638920977662313
-0.8103698605930214
-0.41647495070095075
-0.8804102027705941
-0.15085226076560776
-0.4410531888756024
0.6620493133713521
0.010912140969200568
0.5710540137987634
-0.9088799305418993
-0.2135171000523972
0.9094517068944123
-0.6392561959555587
0.7886035073649538
-0.5527768185234967
0.1345295097750836
0.07303584408294084
1.8321347440331377
-0.9724738303097864
-0.8286007578754522
-0.7335778654846901
0.8079019534727023
-1.5119411340320101
0.022695207539412676
-0.11867834893746906
0.9257355156875955
0.5942495888469854
-0.05381595021643659
0.5133362473813752
0.622634095015353
0.6025606034052897
-0.08339714691619293
0.4965886012405234
0.39881579456554084
-0.46585556419113006
-0.5587471036060632
-0.7911376121964238
0.24079969946360968
-0.5447666671116369
-0.9084962256029749
-0.7360978456359478
0.3402862442781196
0.5132782031611665
0.21616055233908416
-0.26728428320651654
-0.9275376128367054
-0.4991290932746091
0.6949672637805449
0.7324282582811208
-0.25902233539238817
-0.8696449957385146
0.5551779622168564
-0.40383617408266037
-0.43519565087666545
-0.25729772589317235
0.2017853532045346
0.11259417729242815
0.11635063726761063
0.17581114830822994
0.4117070831118679
-0.39499433203321266
0.9996024288429457
0.6659306871974109
-0.45166777665783725
-0.16752291168230826
-0.7490225310571936
0.0885309902691147
-0.8324026184027169
-0.7989864754004958
-0.5330217343443175
0.204315504450854
0.08604294060362913
0.20950728721033718
-0.2538513057264127
0.426590128203691
0.918187860737746
-0.10496423556302872
0.027318195940246426
0.7260263741636466
-0.015420849245025403
0.6781032900409043
1.4055446958729436
0.9782602769804252
-0.6232504844202253
-0.7590016099003454
-0.8523973207615771
-1.3098773948659619
0.2406465786156462
-0.8174429035194377
0.906553033512218
0.7826802875992223
0.853027766982462
-0.2573647905342098
-0.17256902636673632
0.9170143320172035
0.46697455918779407
0.05090864360488845
0.07356452047690554
-0.3055032852741735
-0.4407535259574411
0.9569048635493806
-0.5603580874139071
-0.2462203988150744
0.6830221085858881
0.8042143809679778
0.8023482769175849
0.3228819097666893
-0.42025540615251944
-0.31288988717241994
0.6581625620256206
-0.2950538352355412
-0.4259923365751166
0.8792071797500984
-0.7531847353902714
0.4250479761895544
-0.5038069275898409
0.5802662938001446
-0.9688256033506135
0.45025876579631063
0.10831894010516471
-0.5204541446462092
0.9061433496139704
-0.9595357831985554
-0.7381743869029758
0.3430401772118534
0.8365808928116549
-0.017550059371721494
0.5551909157097898
-0.8903677643631036
-0.5341281479336955
-0.5339491852779892
0.3946609426221632
-0.6012978733091217
-1.061147218629884
0.20673299352965796
-0.8852304390698995
-0.916775202284954
-0.523682285766069
0.6729813476744073
-0.6384434528401647
-0.7900726274386414
-0.5318767331048355
-0.47789134103997033
-0.2656561456289137
-0.34859288966228186
-0.23835939681061857
-0.9713065830888892
0.9752068884896077
0.0032941055151526066
0.7083752351947872
-0.6210550750301178
0.5067235294375447
-0.20124281709458636
0.692070099068788
-0.9135434139934515
0.935822505018721
-0.2967929333473047
-0.058708428450601424
0.475601326172429
0.8115319307042945
0.6738503797804076
0.3362534036137441
0.6579759198532191
-0.7751430439391154
-0.49784755462712926
-0.6953799902697644
-0.8600374840480214
-0.0975095775716015
0.5910525774187418
0.7824734814981591
0.6983538452625966
0.3756032310836055
0.471068321386378
0.8294166321817449
0.4185283400007629
-0.6322835930657833
-0.26172684722860784
0.37413634842876786
-1.2181788078499567
-0.14287905910233945
0.894010673632651
-0.7725856329273975
-0.4639433767608716
0.7521679461324822
0.9595422500609017
-0.6778406197478244
0.12901980508037147
0.6476875423865709
-0.7645905584515942
0.11360885718922512
-0.9472336064185924
-0.8922984046667422
1.2527061997968634
-0.1619967233276811
0.5049267861434363
0.40941599773581316
-1.1518715458030018
-0.23883244719093932
0.1523152225545989
1.2717540264118563
-0.08744210668291585
0.6168115020525304
-0.9027473369279824
-0.04845645251928876
0.06715153959681364
-0.5891522214147216
-0.41917769439616737
0.907252385986268
0.07253079060273548
0.6243492147701335
0.6779879311357173
-0.5648069731802112
0.48709779046040425
-0.32736964577590544
0.5432489312046322
0.3988771588562092
0.4468770682247987
-0.7844718591961528
0.3913309026884515
-0.7097451410194546
0.6365514975971822
-0.058977233062739165
0.428447669694082
-0.24974551565239067
1.6972484297983375
-0.5058671804887609
-0.41955071507516123
-0.32961579759031867
0.6334275184888101
0.24844577930098777
0.43610132782327815
0.059420731834790796
0.78411408327168
-0.1577115568180667
-0.777613812416805
-0.8831613425043239
-0.5299782054894873
0.019078425165659274
0.8586931818721242
-0.6346412113639461
0.17991896393438545
