kontrolni radek
-0.8453006259157838
0.8607407894013857
-0.08205933950117905
0.43556326717417804
0.0290001446597008
0.4989321652996104
0.8080849674057269
-0.5563910869968618
0.7569943793607461
-0.028299884523774743
-0.6407870597839953
-0.20337777228044196
0.821731066154817
0.7576167787126251
-0.6826415273333266
0.30966701392552287
-0.9207238919826348
0.1697147541115831
-0.6293072828351693
0.18511058246139833
0.4100888321296343
0.8076580246484593
-0.9705914519015613
-0.7387140492543973
0.7730755248790748
0.3750787267674627
-0.09095337398653602
-0.3528848871304757
-0.6036649858044598
-0.6988956481291495
0.7081096236343443
-0.5229207413417774
-0.11272294949034123
-0.44257785080426637
-0.20391873468256505
-0.9922459425232333
0.636457412181102
0.6613997598328039
0.39390720865767115
-0.6481397068614472
-0.5964425086565455
0.6721490172312683
-0.24181589988938978
-0.568761725722932
0.733330749834658
0.6845302931186397
0.5325630079565975
-0.5307516963546508
-0.9755212180362367
-0.6426290020048337
0.8774002574259692
-0.3938954923351503
-0.044841830375203395
-0.5401486557761055
-0.3809036609104264
-0.38555586237533235
-0.7032150254537521
0.6609980936088269
0.966943678267371
0.3303819270861499
-0.5370424592161289
0.4065959758346893
-0.4047201052031326
0.1096242417893476
0.8065077387455266
-0.12039120289291194
-0.8595188536442098
0.3638213884681718
-0.264904435182834
-0.729268321266352
-0.48674764768864476
-0.9380726794766374
-0.30316634677723964
-0.4697004387689032
0.5740903649877735
0.7061222984545037
-0.024896280611564903
-0.36537366095502777
-0.9098642088139757
0.40512237773713067
-0.3698539644998535
0.9867741408089543
0.07843538247909243
0.8338001047313526
-0.5691614280826227
-0.6674684888080205
-0.22586134593890383
0.3162427327392239
0.2610311354913366
0.7792665342679173
0.6174244529454922
0.48250269766656184
-0.7599008434772163
0.6538085736112011
-0.7840642117911185
0.7181550202520226
-0.6281328936529276
-0.5308434381163423
0.7685707429124655
0.41229559606567245
-0.5040712190991434
-0.020101705189537578
-0.6443777458012321
-0.6907706401101659
-0.7920960825563494
-0.6361633100124247
-0.9765511258630246
-0.9631902795738612
0.35652470534909275
0.9184135527262902
0.5333181613251174
0.679793659554013
-0.8177463867884687
0.45381567110058096
-0.7646791320913613
0.40611735927152637
0.5777931667775156
-0.9268267016673613
-0.5641698685361873
0.08414255894644262
-0.00461703330492691
-0.17755848486886672
-0.9643875285964023
0.855149224573998
-0.3270623317160253
-0.7077241415671194
-0.37258556718225333
-0.5980763306219294
0.18977401038830055
-0.5152283830768376
-0.6298693537096871
-0.1487186824904403
-0.32546687687400877
-0.02989754170519765
-0.3489905830710607
0.26757190114749263
-0.6940994507148415
-0.08611100129913174
0.6567731382038151
-0.9002332290165413
-0.2843393781682584
0.691022463207364
0.6331439630082336
-0.3712002173586153
-0.23164885606879815
0.46245535431577545
0.6254653098903413
-0.3620960743690653
0.9110080638034683
-0.3296909669836938
0.6975834329438331
0.7491505178639284
0.11967068451182117
-0.8659757999096203
-0.8434643220098421
0.6416090873201787
0.2573445844714821
0.34211689770834863
-0.124064646005563
-0.37062494642371036
0.992259090145007
0.638419910652364
-0.6772948991473711
-0.17157600809362705
0.3445150955205467
0.017610579913299507
-0.6493537895738508
0.4149317410517923
-0.3185421246261848
0.04813764427362277
0.0274783484846306
0.766572226378794
-0.34162728417651733
-0.1845493833346037
0.3592278283875969
-0.6558713794484605
0.5585436926475331
0.08390343372639775
-0.38238151139072607
0.5520382847451695
0.44240281437065665
0.026675975652579176
0.04498655835556131
-0.7989337576978115
-0.06184489802725701
-0.23025261880801495
0.38679183157176555
0.1812517001266789
-0.7236045596326988
0.8746040927762582
-0.29959987822224554
0.03402883467327844
-0.7794607774186313
-0.612791376226113
0.27398072190388545
-0.0884814817292987
-0.6568903258346528
0.07520660584774941
0.6182839028722464
0.31407451127910946
0.41112418490129676
0.9101250255300553
0.4012844808112359
0.6030485918029744
0.05758723252500886
0.3886990986057104
0.5439883427469678
-0.357359095149963
0.9651662871598443
0.1603345682470989
0.521343032074028
-0.6422102673746892
0.6835223645044812
-0.8372867383680977
-0.26933190137613505
-0.3141070514978461
0.3653706333107545
-0.5485383898473037
-0.9165088950348947
0.5421967859320926
0.3202012635473699
-0.2588235533615504
-0.582364034830577
0.78895016575909
0.03506884531210552
-0.395190997181049
0.413186179829669
-0.29873363669353625
-0.44621717756741086
-0.7818951060533987
-0.8859320808264268
0.7956815690411978
0.37610679427890203
-0.3861050740014291
0.26544700741139327
-0.10562475854793019
-0.5969105991920698
0.8585302268038315
-0.932240039859888
0.9251579844172275
0.39715613421614426
-0.34754524790948294
-0.8184293397761842
0.6564774592048062
-0.3887595869962799
-0.048687476092355686
0.6545314550362065
0.8370141859825211
-0.8217154636712665
-0.3740366727166877
-0.450405735082801
0.8265987600309488
-0.23651000402133593
0.6017859304765902
0.38385933071841705
0.30589266584539443
0.5867807481060052
-0.5118806421914439
-0.3775586276339955
0.18084387913273914
-0.12992349753860144
0.8431473722998633
-0.9969183152360324
0.32945205291311463
0.32268379528847513
-0.6138544234176837
0.3039382939924695
0.03761937865242171
0.8335717185253853
0.42681453337996
0.6017275141964953
0.3413427427869371
0.011868636560064427
0.8274956910405731
-0.16558573297804013
-0.8650559327919409
-0.40957686224541145
0.3263338409197407
-0.3502198797768268
0.18395074383633347
0.8576608823312006
0.7541319146163739
0.7798838243319448
0.5140642799158601
0.23764303527709285
0.5134622576355237
0.0656833131963801
-0.15551128140790027
0.41949039894983264
0.6911009784219053
-0.15119695179845816
-0.6873628433785284
0.1717682654216408
-0.8494099822868535
-0.06000679824711064
-0.225659365353176
-0.2253204773646733
0.8981631872592479
0.8908356872705008
0.8821433568088624
0.24858121618256757
0.8800854419530488
0.9308350982619229
-0.8412179649617066
0.9414420032573527
-0.020461996297918006
0.24256092093416415
-0.4665248825300683
-0.016685516222879837
-0.652945767923411
0.5349227379668966
0.6712938762790455
-0.808870040817727
-0.30130299917785064
0.2956393953587795
-0.5457294372421837
-0.3497099614790824
-0.1733591669125787
-0.3864900633792734
-0.16436022187589683
