kontrolni radek
0.5791174315159409
-0.48645556560148995
-0.6414943748580972
0.7495244411120148
-0.37989558464682727
-0.694713459509475
0.34977008589124003
-0.9451808235536716
0.8669582711441144
-0.8113610971969383
0.5047257855148144
-0.5801054557398764
-0.42054498489211145
-0.45332729620651646
0.7946947366285724
0.4460199171196888
-0.6294578057301576
-0.6023087404758143
-0.6009978801374596
-0.9169440187241127
0.6875276822121652
0.7758081541080557
0.11491692342908033
0.26092800657545534
0.5251226647532885
0.6449661965800983
0.20228142473474908
-0.825730144950112
0.4826539731966053
-0.03491882989429018
0.5185658041854204
-0.8560097406710208
0.23955263900895662
-0.01880099896042453
-0.24185859271863164
0.22530323299989075
0.24473115702168213
-0.8030019128664638
-0.03151327580735419
-0.9812620146555129
0.9422254926742941
0.721854398842924
0.6798539824533305
-0.7973603934187561
0.7756419440230462
-0.44255133896624277
-0.6488566037420971
0.1962547412101181
0.2795193073778226
-0.5296531268670641
0.6723212349358736
0.3806959851006897
0.32353460772522147
0.014299156649971723
0.07863612249938412
0.7479158600399236
0.27343111583551316
0.18958814415790481
-0.5142513987996418
-0.2680619113126761
0.8617659005328737
0.6707258510285432
0.794740817220658
-0.9685482376854393
-0.2821981800197806
-0.562459153053219
-0.3852591550440687
0.30720624888269366
-0.3048829440027103
-0.26675414033553646
-0.9305250250627701
-0.9291364561944018
0.26866943396218357
-0.2704513897261731
-0.2174401626395377
0.556454512380544
-0.8911003451874309
0.009699917290040716
0.4198413425652434
0.9191077635494707
0.6653872231722353
0.6267087009077792
-0.8392390748831582
-0.5534013618631195
0.07654646008077792
-0.7036892961611174
0.07862471337712029
-0.7804245165726302
-0.7646764022197468
-0.8976148318113288
0.952098404658204
-0.27701110972880993
-0.39280724381983356
0.3308085296716654
0.0428062832214815
-0.31681406895451447
-0.7051341840480112
0.7390526646833868
-0.4242658357998157
0.11372932439421901
-0.9400064706070197
-0.06413767392702008
-0.3852292481555024
0.9374759550763812
0.4821791933264321
-0.09986291548852222
0.9589973904332241
-0.5668178586146819
0.5478693305080782
0.31717626228977736
-0.5647998386511182
-0.7009687588859703
0.37067515489571057
0.9114558768292684
0.6297103361924206
-0.18988785128504304
-0.20915594013624195
0.6292546057443231
0.9158996678677802
-0.6344979379537374
-0.5653265505688649
-0.8603819155786621
0.49189283952934537
-0.7985711587430124
0.9015556226430728
0.1701362899414045
-0.043764932262974954
0.7572369412633568
0.5463199758062376
-0.8086047751713148
-0.05615755827807356
-0.04210978296650936
-0.8764414003683167
-0.9578990428834335
-0.2598295086094691
0.46579483140815703
-0.042909653027740635
0.8827373753297028
-0.9492915889536675
-0.024420088212551372
0.8232074556278515
0.05412097762477397
0.11991844906833538
0.8880911994312826
-0.8188019452956139
0.9573355422362859
0.1805048296582421
0.7128720488071065
-0.40026407212899273
0.04563791449968524
-0.4739735327541521
0.5702139066180372
-0.6819938201892679
0.6739169946538575
0.7443257793727169
-0.618026903079508
-0.9644254814877089
-0.8118628090665831
-0.8914256307036406
0.8382595847114607
0.746748023758443
-0.7766315868357336
0.9025858269375913
0.08277367702976601
0.7132809673266878
0.8050108942391083
-0.9031769942569727
-0.7979597970409076
-0.8928162506722288
0.6848108234374002
0.6761113326680652
0.09024901221749904
0.6151986665589688
0.9397173074683587
0.1310695108857176
0.8285542542221944
0.4620701986418969
-0.4810512899157482
0.988578133878202
-0.7347247337339138
0.8215012982666157
0.9470453812820587
-0.3504391062744807
-0.6962872065347774
0.4830990586177444
-0.7112039640515428
0.6532500555848557
0.9612340432768958
0.2932028694551725
0.9899903315252057
-0.6936304955696735
0.3320099553988858
-0.16290401045369562
-0.21529703386527776
-0.7860790325368849
0.01722000162079662
0.7609464510406587
-0.2840324105788441
-0.7143841797212831
-0.19803140983737078
-0.4424884917713974
-0.9241081466814554
-0.40289241895410477
0.15771580386413153
0.28598289215958084
-0.7087056061446866
0.9191607525161065
-0.5715947735273554
0.7093463047596658
0.47352443156298696
0.2151973557455391
0.46493599789334006
-0.900707267237282
-0.8647155973712408
-0.14106442004670772
0.7248535143797168
0.5356041123853488
0.8668668791906455
-0.3916717412095121
0.8093399948614228
-0.21304130197558035
0.11245168007080752
0.29675445715579807
0.36307824166182456
-0.6195633324785905
0.2679155982810848
0.32708891558034114
0.02425876477311717
0.9100601526455627
0.8490147358032463
0.2247417464700825
0.39733675280422465
-0.2913864328910294
0.9995470215620843
-0.19528649069703596
0.6024062315183634
-0.68184607539829
-0.7853774653418306
0.0035270344101596685
0.8225005595092665
0.8257583870368803
-0.35517950876092597
-0.8155938341350526
-0.16387940311148186
0.4949549275339771
0.35225237809610355
-0.04124230790445771
0.12012628819397797
-0.8147298073956271
-0.5012109750228007
0.46322289391435634
0.05930603739704576
0.412464727246697
-0.44138008330795797
0.3772935576707235
-0.32091833586330387
0.2320277456549369
0.8889276585964982
0.8522660932305233
0.6909949475987789
-0.7006799707242446
0.8137469881816404
0.3525437859015479
-0.2051990379655233
0.7481964003765078
0.5495275605847041
-0.43627300037734296
-0.41316885984986307
0.8779174483674068
-0.7822617000295982
-0.18294487759198774
0.05297088757962243
-0.46141026134769225
-0.982401220645454
-0.4608174136293477
-0.5913569589007437
0.25815570252784936
-0.32404410065597045
0.7092744082277473
0.3719653490940018
0.6525866802516309
-0.6109381460393817
-0.9815131693184842
0.025583161845849745
-0.2367995718752145
0.4184472433228663
0.22803060236649664
-0.16018826582000134
-0.37117790906383474
-0.03621904981344537
-0.17367787830132908
0.8814495412111976
-0.08066081919264567
-0.7355147895395897
0.07374295828220001
-0.13106573786363862
-0.03832276096769771
-0.3236201137798871
-0.10115747274289966
0.30386164723012477
-0.3361466035152063
0.5253019419706351
0.27921141675967465
-0.24568489106860159
-0.05998596305416193
0.2579899199608289
0.33960638574454083
0.3679829544873323
0.9972375406314717
0.9244444756177534
0.012290952662111776
0.5473423562139486
0.8446557182709984
-0.8934317982754001
0.8250223738334037
0.46888875758884496
0.19274928657366464
-0.24957566192302205
0.6580221110248778
0.9786002982114432
