kontrolni radek
0.4825700463202771
-0.6180733373592173
-0.6461765588415433
-0.7185435566009435
-0.0222387156719952
-0.006504525265038641
-0.9807349413236659
-0.33930978553310953
0.8618109982930795
0.33139223125468176
-0.4761639323781628
0.851725150512415
-0.567093152753835
0.9403231271227313
-0.3386647748690714
0.8237890213871459
0.7455583315025058
-0.7890084804690507
0.909316307118051
-0.4039470750104366
-0.132986044716493
-0.48528406212193187
0.27381981517532883
0.9655652870750158
-0.2756320967927184
-0.03097564867693925
-0.7016030515440632
0.3352902191640166
-0.19577479938311382
0.6306494335051429
-0.23434668762278732
0.4251348596890723
0.6491502667446991
0.6753965999612146
-0.8854389179786362
0.9542237432160894
-0.40250805931887346
-0.9243092698993862
0.9131956461907775
0.5778726059987012
-0.7452050467463562
-0.0378317001736761
0.24154959422902533
0.414088400842225
0.1281325003811602
-0.30274011471670037
0.950968930905169
0.3381365196176285
0.011063361195176036
-0.38656063999226786
0.9664387239329444
0.9791640224659797
-0.9556275077030458
-0.5324225005879015
0.5213476390879253
-0.4544105655065873
0.7229306136154723
-0.8700527451126823
-0.29166046256600286
-0.32674799491668716
-0.41359621927092527
0.7090069173452669
-0.16845876572501783
0.4279350455235058
-0.1999796812396739
-0.0870585642231303
0.8187492080710088
0.03195840963913188
-0.9769377498681984
0.5271717333970685
-0.45145140727151056
0.37298131771806986
0.09422113271709143
0.5666366515271226
-0.061681627153432395
-0.9383852491831421
0.8969766848234235
-0.4071864859396144
0.7514848468401814
-0.34349724371279233
-0.1745243395700411
0.2695887218604869
-0.3328519493912543
0.9405628572216733
0.6693252055012537
-0.07783615876274053
0.8187568474566209
-0.8333755387392479
-0.914171282239445
0.3797517181357064
-0.5410198235333226
-0.2386001078349098
-0.840873779395864
-0.6102162590455031
0.8742235026115517
-0.5196258498868267
0.7099711609660535
-0.8875450893029473
0.07286507811449772
-0.16409035201357947
-0.60665263274467
-0.3831784648553278
-0.546348887819369
-0.6872645812037084
0.909147242345931
-0.20318693619708417
0.07823374785399206
-0.921941593033442
-0.24130466540982942
-0.6202614673513198
-0.6670406206198694
-0.000473582734314526
-0.5284189229440808
-0.5664876418371625
0.2378661031634388
0.2640980607173966
-0.3001174354466738
0.017506931267796233
0.25093862597264627
0.7913267633934855
0.42901480356209665
0.39468146311922503
0.9181614259788644
0.9758854967865456
0.5686156118126493
0.411639749487988
0.22589593828719257
-0.3126472083775833
0.5237658807191712
0.7376961004035656
-0.6606740668419022
-0.9069825415636212
0.57308212684081
-0.6762993815085461
-0.34691420480292967
0.3552231975643747
0.31535469717997855
-0.5209721324370709
-0.5939480414130771
-0.37530180721493966
-0.7939678884167118
-0.9918287701996815
0.41932232997970864
0.5021851144812965
-0.9755287315402736
-0.12036548474533437
-0.011947220453566887
-0.33128418263265513
-0.3609248212146059
0.5193313108459332
-0.9690933635711239
-0.1109821232860706
-0.25490084298435667
0.49095788997837086
0.06041388521262547
-0.889729682287365
-0.5407798149630132
0.0995880244715115
0.42111058566980497
-0.9671568583830055
0.8442257748747561
-0.8088285219433895
-0.4096355424429776
-0.7944524655036007
0.1383171080969987
-0.05542785729695532
0.2021395988097583
0.10724923730048741
-0.06379778678678383
0.07451769251376383
-0.37826773938381586
-0.8208841060444714
0.9616858354708699
0.8684878829616747
-0.05069991850086497
0.6737907292510599
0.9585305038028413
0.9969901839275315
0.11913527068017027
0.34062074028347356
-0.622552927882583
0.8286760877733539
0.15456764291145508
0.45283979258858253
-0.40071844006825486
-0.4838392923239734
-0.8264147588480535
-0.7542725434350015
0.03234790576759505
0.08837440945328723
-0.3211228077396855
-0.40969421771859893
-0.513233558640086
0.17182080797671984
-0.8806064691891125
-0.827156696553953
0.5080005477057934
-0.6329776112869179
0.5391924760922189
0.944131113783506
0.933607549663156
0.6012755839762614
-0.4039742742651149
-0.9515273623328819
0.6534432493934257
0.26410668843176865
-0.1562962486595405
0.06088114100801767
0.684984219278644
0.6294178971621718
0.6464747458059794
0.3789739876130047
0.12795150003310796
0.1729277650673089
0.4390521899502109
-0.9058535142280879
-0.7991360168072965
-0.5628764348174522
0.9087839564403057
-0.4647413450102662
-0.3075747167895764
-0.09348214874631355
0.061114755467634785
0.25971797849791245
0.248651013491465
-0.5686797941528108
-0.7421571064981147
-0.9030634059541183
-0.061072069080448266
0.8012996049131154
-0.27461471689750594
0.6313533578359618
-0.6891597998915326
0.20261915165994204
-0.04084268567982674
0.37398506582847535
-0.044110134184840666
0.9545335816299321
0.8801676169728949
0.8971981664585031
-0.37180157772023414
0.768885921511989
-0.6633805428898847
0.5824009075905308
-0.793817920328949
-0.21472204006587892
-0.05928871962878901
0.49581143420894747
0.5413102643076337
-0.4578336454821481
-0.3518680330544459
-0.7219277667478559
0.5494263666399237
0.5059524493716412
0.8311457581599186
-0.2993467699408707
-0.25232579366947583
0.19839609779849643
0.2326777664866857
0.8036618423191924
-0.5399584603595011
0.48064388927156454
0.7567953381870891
-0.40515218958101307
-0.8325733463179217
0.4261011112196522
-0.6626811716250482
0.22673466107659168
0.785340219185368
-0.03812776790643846
0.45015192038002083
0.4151187387354607
-0.3100683663399928
0.4932019997965231
-0.5154974837643063
-0.9811791889792865
0.696249180609934
-0.7193118833127976
-0.5599832116521921
-0.014312972885827557
0.8413474825930003
0.9404087097845033
0.1658903742505129
-0.8569557067928739
0.5310916310942357
-0.01651489879764312
0.3760467460719761
-0.7664949096998972
0.7609805383424675
0.4777528586330202
0.533404692003929
-0.8383365919600143
0.36436214822912194
-0.7325038849324943
0.9729790366845625
-0.1334815499638491
0.31275527727243
0.5441039315249019
-0.13746634804944868
-0.2479749078989506
-0.38017167605994895
-0.15875887062598149
0.7985042332973462
-0.5769683607010088
-0.22198725847829892
-0.28694021589398644
-0.6233687210787258
0.29352296473202877
-0.02991041689197438
-0.8637467889996013
-0.36587799246599184
-0.201718991729255
-0.13333053214420265
-0.1994272003419426
0.7792028274968457
0.7847008414713532
-0.8182334328029433
0.4225026048334717
0.5826432792684166
-0.6955852292358577
