kontrolni radek
0.31578861117126955
0.5681516588130497
-0.797049708573542
0.3063651177951716
-0.40897467512266794
-0.7774825280599198
0.3612290522673631
-0.7074229869311706
-0.5641808772298635
-0.38919736945290184
-0.8847431112926158
-0.8416407274346407
0.7963418932263482
-0.6204906584998034
-0.034810091211637806
-0.11105192833520672
-0.07909226763309785
-0.6791830242707375
0.3009631125156478
0.7473431838804512
-0.9949238480878273
-0.46080976674317586
-0.044268633606134505
0.9353508573505114
0.14217297934311857
-0.6657115265799232
0.27382398025667065
-0.27346506095133805
-0.9253565860869919
-0.3532877294379235
-0.8715316832240079
0.8707216569112366
-0.10095010444043062
0.8989827272886759
0.6646365356603741
-0.7330566208637523
-0.574470386725247
1.9996417823057904
-0.7671609447600529
-0.18063967348066148
-0.28431923941731085
-0.726181807484175
-0.9596081194577066
-0.28680721842788115
-0.2353336906102459
-0.9447451220962171
-0.728831476024316
0.7004045603729496
0.5087377660018728
0.34489153679084494
-1.7895586667912813
-0.30515836360090787
0.5800761768999072
0.16785572443074503
0.259139494390646
1.8859323522521914
-0.4726878540665329
-0.8383152656186736
0.37393622788626657
-0.17650420849853155
0.7399513731038077
0.42762108304049606
-0.004064421888237302
0.7260141591671665
0.10911339242713791
-0.8065827238574026
0.6800457779374587
0.2806568328458132
0.7960037354689957
0.5317058994907318
0.2065020636821333
0.7675808326229068
-0.2465021855759101
-0.7615296536433314
-0.7666964178468154
0.688012175284263
0.7761208536665243
0.1262871351747299
-0.5204617716866855
0.914127320446696
-0.4872422413046251
0.18084784299846057
-0.5778486701956902
-0.9544512892104116
1.1046968264071206
0.023297192315411053
-0.19633252006519175
-0.640320628702528
0.10016949783358986
-0.27186311148597886
-0.2432197713334353
-0.9244923502384468
0.06297172768162895
0.9874784183745824
-1.7916606530315078
0.19922446864132293
-0.8311878867132505
-0.9913937400187036
-0.6356024286770456
0.5710217844327019
0.9400713694230018
-0.6376889747753665
0.36134566561381276
0.819008556993972
-0.19780603107886252
-0.8114619343930749
-0.5457423082417092
0.09873182554518811
1.1953073788535522
0.6275754641105311
-0.44489815488850426
-0.3251693246532894
0.33230740534024594
-0.7196962785262524
0.5884697419971026
-0.35632369065356007
-0.5102217135847726
0.5141187954450626
-0.3428480346338385
0.576882236475224
-0.2794498646310599
-0.32048194612575687
0.028636835902392965
-0.5538457265337171
0.7705735209257942
-0.5785472828147769
0.22515589106573053
0.46329998895677793
-0.14588496418298158
0.40741282375325394
0.4813367551426331
0.05433777947058083
0.8586900445809116
0.21330619695996128
0.9816871970182031
0.9122061696990749
0.5289030818548641
0.05922964593622493
0.7343812697228391
0.9207341082386244
-0.4406868625429785
0.9203292030325028
0.20275550429982947
-0.4194761323998335
-1.4902432512828714
0.691956949982357
0.16697573000083277
-0.5589551211864683
-0.7097031127056819
0.8578564959679005
-0.2611023449290555
0.6062023363157363
0.9136558227811871
-0.9870727969821882
0.09954733034635307
-0.6289798160531419
0.6888327128632445
0.6891592901436885
-0.7481723284610315
0.4129998663546306
-0.27831616814764804
0.6547224141422021
-0.4995058878951384
-0.8692548022459057
-0.055006569307470055
-0.29872914624952845
-0.6378572460642673
-0.9335949722726722
0.18193415432109505
0.3741747910154425
-0.6269703799282931
0.1823175392692158
0.29518562567594264
-0.3860741096465381
-0.7765048894991291
1.6459823751316969
0.9450931397408535
0.43212585150520555
0.9106178162412437
0.8644026328441414
-0.35485702916887374
0.31389254604268935
0.5054640001606605
-0.4469414648417016
-0.8521192436013698
-0.7289654735914484
-0.8931500100936594
-0.5983706134348594
0.5273290675745488
0.6965851477832883
0.36256692240475635
0.04374762006669752
0.6719810333532006
0.44243283577041814
-1.8772641498177176
0.29190826743165577
-0.9342262767002675
0.47093355120594826
-0.5275623275403964
0.07173088026657903
-0.8905271010348055
-0.9213561139689816
-0.7405362680897469
0.7017290775455818
-0.3655047986787163
0.4931071117672172
0.7970520548751341
0.7449594539198596
0.6939747112455266
0.9869283602427688
-0.10811373505351596
-0.5652116121615374
-0.8637024770917634
0.5295618180374975
0.7220745159073898
-0.3975891581981268
-0.5272685513390225
-0.33388588873926395
0.4100484321846767
0.29999320044556077
0.517725451837026
0.04406246835163374
0.8568582086320031
-0.8757946343663858
0.9408877957775266
-0.17916144616407406
-0.45831454197173427
0.4147818301692865
-0.08869755949733316
0.05994643630009655
-1.5554354489774296
0.5320279380697022
-0.6166153861649855
0.44728631174502964
0.5646074039570776
0.9622623916981046
-0.8291650077824482
0.4473862939920916
0.7821554726586264
0.8490235542161977
-0.9133318944425218
-0.4841667966175607
0.9347293186388317
-0.38109703828166963
0.7940801646909013
0.4026986331191067
0.9440873538473202
0.048300720609389725
0.029409823905655497
0.2719011845977857
-0.839434020746195
-0.7223331898953216
0.5215901953446427
0.10933145266123745
-0.5916282729202145
-0.7478106414916366
-0.844717667644872
0.9283759833605212
0.17044909287793142
0.9137632330529206
-0.8270403689456849
-0.2273180705980793
-0.39534035934470557
-0.627724673685915
0.5064816043293632
-0.7834141247174267
-0.11034527801295613
-0.05232553543830232
0.34219845210970035
-0.010590694984257576
-0.19074382983345978
0.23989873844317497
-0.22073900114941347
0.686981133588823
0.12088046221471727
-0.9217296264205674
-0.6915401858691892
0.496053522775068
-0.7328487698462363
0.8047003975787792
-0.8240658981089088
0.1319023638234127
-0.34821265952291425
-0.7331004660534677
-0.5524262277135633
-0.12343043541832177
-0.657435058921755
0.30536793576344434
0.7213203762028808
0.127154275238768
-0.6550806208775308
-0.4015000161843689
-0.9196071861632533
1.4457852430756835
0.7444107551404604
0.14132112424048882
-0.8056497525875779
-0.5481965290402326
-0.18021071378425657
0.7489151822357509
0.6196491529372896
0.14100967761483907
-0.4082366614826578
-0.8071161527470709
0.01799255569281391
-0.4264411658555012
-0.33334111611146566
0.6583327759861182
0.24031163391658805
-0.6353952610030977
0.3939143290240439
0.2581243181116386
0.17881271834300438
-0.030050561141027332
-0.9620780661481518
-0.16024646272098586
0.610001657508958
-0.8968602766230597
0.5000831132680474
0.704155921094201
