kontrolni radek
-0.8482260313744421
0.6452243691676136
-0.3201943983033002
0.582301054786825
0.3879447151014319
1.0162815400891858
0.7992690435313905
0.34770516659042283
0.64616128382101
0.9719319918488085
0.02527180557416528
0.7812916871208031
0.06942957251340251
-0.5252069573953453
0.5644290699672536
-0.7385717736992523
-0.3548167737936494
-0.8749623667566704
-0.02928871736151012
0.5499296436889649
-0.8652146186209875
-0.5508353262314265
-0.38821007470531077
0.6957626580572851
-0.1425132253864525
0.7639991408093816
0.5989622982250793
-0.6724946585531791
-0.8807728274330127
0.8033063603667785
0.654619161235406
0.17768718878831202
-0.02012333970156871
-0.9645864673718689
-0.7822496774101946
0.3268991676132369
0.05230382792805566
-0.012548697423086397
0.6529930446060763
0.5514457936465538
0.7163007158459299
-0.3179346452133409
0.058800249745197375
-0.12655224013459665
0.6935519066418481
0.2199597594584055
-0.753427895304988
0.7285496101337203
-0.7286956805506002
-0.38221010031706637
0.7866646637758972
-0.8894162200421392
0.20661912010630235
-0.8400244693706038
0.3109460228739853
-0.5187213948439415
0.18094758879384387
0.55476366938606
0.5227397095527131
0.5834027977271332
-0.5168807015062695
0.43731992928632957
0.3536998327477816
0.5607658456928464
-0.7705578793753978
0.8537939523730815
0.18122286063518622
0.5227644349813505
0.5431848108269048
-0.835107619517105
0.6081532026470704
-0.4416848351114502
0.6529582687327283
-0.9275489374294088
-0.675593155458275
-0.131581526214817
-0.06426421848118591
0.3489602057770067
-0.03818466077626037
0.3312952820449575
0.056754828641825794
0.6489877423718491
0.42048464485864856
-0.8913674860836438
0.5740740250001601
0.8810142613123926
0.04684745613816482
0.4225306905793307
0.4306303893167607
-0.7319260622037882
-0.9016444264779973
0.681943105985708
-0.5213872246765914
0.9307556707674047
-0.9830501970666512
-0.027844116497271143
-0.7252596023000286
-0.9344883202081611
-0.6886054983231265
-0.04013497985067982
-0.28315509690744506
-0.8727996794093333
0.467862932708637
0.780433511516955
0.6796637360617426
-0.7482486846494691
-0.3808044023171486
0.9146118500123246
0.39217155654867253
0.2327414848460636
-0.7253579084061225
0.7385588866688347
-0.526452168291665
-0.1954323656260908
-0.44617165465243325
-0.5137440459123612
0.5116623804790577
-0.014507907762411953
0.3182236041552773
-0.045829840232197716
0.5147799982628714
0.6995862310456267
0.9065586327995396
-0.06244326405665346
-0.43838021849172826
0.653702836539608
0.6336213655857947
0.05263597253357677
-0.1036980764517954
-0.4739170234947372
-0.19290321040774416
0.19300486970359687
-0.620198487491203
-1.0487865726716254
-0.7287559342400294
-0.9194976800273207
0.16556634031049833
0.3706460403763976
0.6224730230933551
-0.2812306161359561
-0.20241645917433448
0.9308961941813226
-0.3018845440677953
0.8710873345438372
0.33159131195005664
-0.28911260309061304
0.5254304152291229
0.5234495218885984
0.00577328333053484
0.4668663667866031
0.49061236707619216
0.886770383759413
0.07530158188708724
0.57108727827651
-0.3221721747148265
-0.594746716027297
0.7727171147791121
-0.7536303884674931
0.15585995196002367
-0.7474227515434382
-0.4787552012870908
-0.7308195717490102
-0.7531704361206732
0.8926455820619796
0.6859635720506643
0.48305501191371203
-0.917802654728846
0.5950098762787959
-0.711178521642279
0.9573835139613578
0.8835135607210436
-0.7883119642159162
0.9495798596397556
-0.9336588473711283
-0.07392014786597323
0.5089876601873689
0.18677407988596798
0.3533787645840112
0.5097377999011026
0.08069984253805274
0.93179205966697
0.21179082178569852
0.2166729618857559
-0.5761146161786066
-0.17153514669732495
0.45329402336077274
0.3510578835865017
-0.041311068187269845
0.18261703490563597
-0.877867449735722
0.1412675607068774
0.41516044165329347
-0.3601186435051318
0.8435260286519717
-0.4980371828832941
0.568093648031843
0.9365667981888046
0.307308744950872
-0.3829602905558407
-0.6038612929282123
0.2787931671934347
-0.4649540635549426
0.8019313120396656
-0.3401837999013022
0.3333500628519468
0.04595139085768962
-0.9688602302561395
0.8255259752103432
0.06698280517146893
0.4476842485271
-0.7571900329816978
-0.4783063738474591
-0.3382623568568879
0.4121913179846153
-0.3808781730263142
0.3336016041843253
0.7273481989103769
-0.42346301826151733
0.444726297687561
0.5824336347345751
-0.6862344477771596
-0.41658010086856456
0.9576175567782002
0.6083120722939919
0.47939853818010447
-0.9923998069557234
-0.2734078811882887
-0.9378332489128209
0.7601315994982322
0.6679604955134146
-0.07411114382607242
-0.6571801350673869
0.4976335781392053
-0.4129299850393564
0.46872273718505175
-0.5839145207712577
-0.9754940747888905
-0.2885316041620489
0.5345070962584284
-0.5467127188373135
0.4604547713593421
-0.7642242387429055
-0.465146368339228
-0.14313090488786706
-0.9553313809632908
-0.40191887959082284
0.7767962287941224
0.5861265009077854
0.9994933324002109
-0.4579547998755344
-0.11317255514477886
0.8444273454931691
-0.5588487631217882
-0.12787435786886214
0.26028443552678215
0.15056925166167723
0.31025140944219864
-0.28075822041496257
0.573337538835436
-0.9454529934138067
0.43269700597539584
-0.6192900167370532
0.2002631400734856
0.2463724580818325
-0.836101803253209
0.678961448932593
0.0867912808670821
0.57866976058113
-0.7090402279518788
-0.3730685671494966
-0.3265860272103327
-0.7578852041356348
-0.39263768283553646
-0.7650263536272334
-0.2786964435060002
0.30546102317874335
-0.8051469050655953
0.8355736889159213
-0.7822134709515451
-0.6236197108227906
-0.6741716528008503
-0.5699205937233016
-0.8860548487242166
1.0097351501537832
-0.17337463136914377
0.17271938618699106
-0.3111791164086219
-0.23459411243700878
-0.4410650128162741
-0.3067204611160397
-0.7028240343834189
-0.702821578791594
-0.8646795332764277
0.44436096062859365
0.902299245648895
0.6600197635527347
-0.6500200885721574
0.5693820321598038
0.024500503938239993
-0.9319726984500478
-0.0025306590467959467
-0.5224291942166992
-0.38979691491722507
-0.6387372991468601
0.3863288479615119
0.6430145234040199
0.21592377214002356
0.776355264205894
-0.7891878421844369
-0.042514473822689025
0.8157202786675681
0.0017665872982008946
-0.49576941788262885
-0.7555718577039106
-0.0319775239877389
-0.2743060208896775
-0.1638599032237365
0.8035316276996964
-0.8055570593717014
0.44527459197655683
