kontrolni radek
-0.7242132550325189
0.20218991784434648
-0.5772909168227816
-0.8550438405311245
0.37312699146976924
0.6486980141397396
-0.3549449346015141
-0.7186067366524114
-0.20339376296278444
0.3909420490695037
-0.03125935190267426
-0.7452223630688612
0.9425094989724074
0.2356318235624062
-0.5674290032815554
0.2872998162703422
0.45872565879503147
0.5480483334433577
-0.911120348861775
-0.5044164653278391
-0.9835646532056761
-0.0906245246855446
0.1968189829370246
0.019449480325363755
-0.09921469772103686
0.2742651562369649
0.07230249659217436
-0.41841781094551767
0.3373654437687772
-0.8356161292543323
-0.0770408364504267
0.8752058154266076
-0.21598591271443812
0.4986888282356863
-0.07727360960235607
-0.10840951677529143
-0.14065711047547613
0.5378567635784635
-0.3701565693004889
-0.8206678456280205
-0.17733448708672417
0.13900276077967644
-0.016765201002642227
0.12151764110184082
0.7497306213106314
-0.6143049744696794
0.7418710589010709
0.9336016628234218
0.2508309365564063
-0.9721510766576087
0.33400894879366727
0.2509660778169289
-0.19397899660454465
-0.17826188154781475
0.22245984606194247
-0.6777762641292213
-0.5431918919849583
0.6968860666592851
0.5190739169506089
-0.688022420756675
0.35774899058512877
0.9642085981884116
0.9883704122977621
-0.16363509234036622
-0.7268071864027335
-0.17869040219136
0.11457980108057964
-0.27451360883370457
-0.2321328805499716
0.3713022123623839
-0.898494628136431
-0.6893465143847832
0.8010886843500329
0.38434471770110124
-0.8745113661130284
-0.28949841389759423
0.09924142997277885
-0.29226287040150867
-0.7826295950920032
-0.835895010252198
0.1503172341043566
-0.9533536355746404
-0.7587256037655306
-0.22919318671527056
-0.12002431695223947
-0.2669246353799519
-0.10900742820230414
-0.9496961212332538
0.45610512673875503
0.5793027391187888
0.6929452701509469
0.9289735808003932
-0.05565253333419706
0.4588141266369574
0.4664900832626493
0.7706332711451782
0.7341602502101894
-0.59229340669393
-0.2743775579670944
-0.6306932213824594
-0.604633323383035
0.5500216274066596
-0.731525542147127
0.7446444653074442
0.20606023700731835
-0.43035706979126487
-0.9991694108364453
-0.7549133782433972
0.5576590582832566
0.8185716876723368
-0.31360134699957176
-0.38574287203294766
0.5004832132626009
0.6813412707270605
0.9378291847249869
0.6116780232451975
0.4081098402986312
-0.36798083524989833
0.1348187409322963
0.8780958321703904
-0.9774145084726986
-0.9113261273413562
0.6509342072387507
0.31060952687189003
-0.08180997054727412
-0.8714217817195762
-0.7345021487195422
-0.9692488016351068
-0.2955597864504247
-0.20365207088733328
-0.9237090050984775
-0.031932806473005115
-0.6688980641539797
0.5862456559601139
0.8415792033126288
0.2589386694874656
0.17862267050327119
-0.28826968249118856
0.633459599781218
-0.7545399998296207
-0.28131110474055343
0.005810306924677988
0.7100260051693594
0.6116281684198526
-0.4018067887230419
-0.06000792201064509
0.6674211078789896
-0.8402363811459383
0.3922948062342997
0.2183863351438986
-0.7432924000898602
-0.05061834323518899
0.4591230673863458
-0.12724356721013352
0.3254580075451934
0.6352821786642482
0.5311739023865789
0.4389981875368296
-0.45893113318228607
0.5179749817976225
-0.3023014819244014
-0.00253513911244152
0.9640450337988606
0.9771651604792182
-0.854521272659374
-0.5818094446628761
0.9918062156394771
0.2560774637920773
-0.46245616932303557
-0.04696833324708494
-0.16819397589455032
0.29181819558366673
-0.9921248640859281
0.7543835584637759
-0.6329011479694064
0.6750157297530359
0.41516455289011245
0.3192429331451456
0.43374851193227926
-0.25116052161423075
-0.3432750472177084
-0.35089360745364684
0.15546785836868238
0.02423206245935261
-0.09935420371437886
-0.5247967703289818
0.6454341580641529
0.822495520316636
0.883726501252015
0.3481432164800111
0.5028533728378415
0.844045360396833
-0.5602269609717982
-0.17087317061495977
0.19782089491648414
0.2058937299055572
0.6975872786853003
-0.7978100036443438
0.8892076084378215
-0.010992169395941165
-0.5295454690237213
0.7885303306890343
-0.8788315831048579
0.38679102109525165
0.16881874515578854
-0.5842637479042359
0.18414819555038275
-0.5862325655102676
-0.6180767931067457
-0.5985611935433286
-0.12842430454899967
-0.28072566881067873
-0.3425899534148684
-0.6369351794694667
-0.6262183832252617
-0.07273640649751956
-0.6885920881800678
-0.6742004505849255
0.4888213029807351
0.03810981412727843
-0.4984228096230603
0.438942721138857
-0.7401594621976642
-0.2969073268081741
-0.5729786212591763
-0.9729250463811825
0.4973921819297329
0.9864515395709252
0.2194296178979982
-0.9179368737856886
0.341968856895317
-0.32444992745449586
-0.5789261667903167
-0.624168558026035
0.7098801728944923
-0.6811867154723903
0.17587282131049276
0.8596782537167806
0.14665342511740853
0.9608159229551101
0.785595129650785
0.055856167988005634
0.4364471524929432
0.7806362104250621
0.6588985686551216
0.40704256855832743
0.8485102452997573
0.39559475046173875
0.6060381883192434
-0.6986358707157561
-0.1673218511654362
-0.5917224614464853
-0.641457573495926
-0.03169124584534799
-0.374265575006844
-0.05326241982736413
0.9969628769655936
-0.5517794671717133
0.2673773111429205
-0.8621843527970021
-0.3045663650317949
0.19104066927178764
0.761103535598542
0.6502783304615305
-0.04337233851553757
0.5666264031648531
0.9060027273642359
0.2427884075469291
-0.5658433361246247
0.7283232137471454
-0.17450303790235866
0.7206511151726065
0.25789834764766617
0.6169404647688317
-0.7888357515177737
0.7520633084183357
0.6263085490936864
0.14079908090800264
0.6009041600306664
-0.10009012672679152
-0.3965992449345328
0.6976792827148433
0.6484064646450982
-0.7664170921044444
0.035609183813798406
-0.5362454646873871
0.9049667817619456
0.42134552370690703
0.48086966272970777
-0.8921818721593449
0.13676629753425562
0.4892649076585689
0.7803046210533735
0.15954575104059954
0.9669991723418085
-0.4832347782507711
-0.1884626583744471
0.4165748231637163
0.5290112876961572
-0.45425816432141497
-0.7688139169523116
0.2652380642974992
0.32763191396934443
0.5249644112374188
-0.28764188533369217
-0.7785484130955989
0.44025070589059956
-0.3937124136164303
0.5290616873420226
-0.17748573016874536
0.6483561063934111
0.30381067579515486
0.9565972192558434
0.13433914452591456
0.08058689286865417
-0.2072890333562467
0.5867472269352578
0.13649686639141279
0.0347702198886326
0.13704197891190817
