kontrolni radek
-0.39037211832247043
-0.43592345983307146
0.641768788146315
0.8049292782601953
-0.09237262510428801
-0.0444446634157154
-0.6778142167601355
0.1253051713038027
-0.6117102218075177
0.6691634115638108
-0.8319359984161538
0.26083279782203483
0.5971921699389777
-0.44088920108432794
-0.09184449955266705
0.5227173888611323
0.740900442503762
-0.1732270919159853
-0.5330178682030164
-0.20528643412283487
-0.8726167337710362
0.8561239022721081
0.35108240703152427
0.2986512746884822
0.2789989428325319
-0.7248438447099832
-0.522218129637978
0.03791026134726172
-0.2556427447516841
0.062217498472938004
-0.12062361372540531
0.7297949879959744
-0.973835503695049
-0.0032854930884362865
0.5091983565067271
-0.24639911229603473
-0.15170883285410697
0.10870373728764204
-0.9268875569232904
0.8314312194965987
-0.8158585664999407
0.16933247720996847
0.4774981943271335
0.4964713657618034
0.2904028454297216
0.3385460450147461
0.2872648806390903
-0.30998335734944793
-0.11125009386605145
0.967034307336153
-0.24241672923249968
0.6378419939964628
-0.8065199331463335
0.947905778374061
-0.1055765690522712
-0.5977198022268584
0.6847095440857813
-0.676534511270444
-0.49279509076956374
-0.6462013617427398
0.2085342514599844
0.5576473384338667
-0.7707497466852593
0.8328375341444856
-0.689005211733452
0.6996149035971426
0.9403255164428794
0.2061542660997271
0.305388092752503
0.7445199422592874
-0.00667715224852472
-0.4237832466390703
-0.5344166905553027
-0.35644884439243074
0.9157841942610585
-0.11098729308838307
-0.7586543659559868
0.7881578852292686
-0.9921742252777008
-0.6814686614022252
0.42413912548902255
0.22322966351915952
0.7053219978510119
-0.9370679996868996
0.35315926091477473
-0.9373223870512253
0.2666489048643683
-0.9293333837685651
0.2641964511877555
0.4785270770575414
0.17260448501047132
-0.4951426605791709
-0.5127257405920427
-0.427253051178899
-0.25215643502515395
0.19908691556282831
0.9389594491787068
0.9130810828742983
0.43371754507887517
0.2569857990137979
-0.7198285396167696
-0.5155983122584149
-0.06162633725356259
-0.6813098967765592
0.38075920467044083
-0.8138789677322336
-0.4100541508866751
-0.3422595454027264
-0.4062017501926207
-0.52064688828937
-0.0427496247753274
0.867001591120113
0.4040563066993721
-0.06648270936543188
-0.3014034988205989
0.6536023030668645
-0.2158858799097323
-0.5809355806659338
0.8417497104012635
0.871836775525219
0.22497602164723562
-0.9204237211539141
-0.7350787376420567
-0.0005516475431772694
-0.4439197209349981
0.36689378065022726
0.3029715742220005
0.009995319795181867
-0.28515737910248484
-0.93170754356242
-0.08834671165219188
0.19889463374833105
-0.4447606975309161
-0.4606686436235259
-0.045121911624575683
0.616754189461721
0.06957112998731854
0.7322598395472748
0.46724375373174754
-0.32470684018299356
-0.5965213406143803
0.38573508327234096
-0.12717656014676337
-0.5547517240813944
0.6185169233400103
-0.8087469348661459
-0.7938528630701607
0.26069323684566026
-0.18965569174016417
-0.8716018270703294
-0.3930689762879249
-0.7379937209228273
-0.926898259372092
-0.48373429490005626
0.05191482126376945
0.4965065534116392
-0.5998182465808983
-0.2167412887048239
-0.7819504570050295
0.09157674339267241
0.8455201863057897
0.5030447481031697
0.6771785316299426
0.6259148837404067
0.049240630027335586
-0.5850000780337612
0.8063584733047546
-0.8943999205637738
-0.6982197426038794
-0.9613580355207105
0.6959015559944213
0.8480066427863244
0.37198181865178004
-0.5138963218565515
-0.10419516961816311
0.09741081432083276
-0.5097223959917905
-0.37816995422297595
0.3946019166892427
0.38452596686025875
-0.6861042987471822
-0.13508513667496702
0.1314135406721706
0.6557180046116251
0.7953665558188863
-0.7360172938682259
0.4542511317920954
-0.38707158154860366
0.9453348739372913
-0.10316434417705853
0.9059455852259588
0.013826430447945182
-0.04656464223796042
0.44879663953284465
-0.5742708746223579
-0.06110572287043939
0.9168618926132044
-0.4196841086685601
0.23678455523951153
-0.8273021854849849
-0.524647381414872
0.7444681770864872
0.18296004099149543
0.4988265759272674
0.32350676641994536
0.7873048794260207
-0.6542567532697136
-0.6488711713322648
-0.37743188065064714
0.22690126153287205
-0.2328289378255034
-0.6653570612613395
1.1295924924386513
-0.31779142747519384
-0.33312592788572726
0.1480070150863655
-0.40317921427768355
-0.9600056168476916
-0.3287435128367817
0.7567038284113985
0.9193203910887124
0.12020292781607478
0.09724901027392319
0.5757064866023802
0.7119506840711505
-0.5346631215828839
-0.032020724932411815
0.3598127535229747
-0.6200956016165307
0.14519033019679406
0.05608256934525002
0.001210194822585553
-0.2585546665611833
-0.7926484061560202
-0.16134279847536437
0.4786974158408399
-0.010711322178397875
-0.3141369863400223
-0.3708740701629787
-0.6520314472724249
0.42170975493100404
0.17393725092408915
0.9711843172048547
0.10603042844025556
-0.5510257541233614
-0.9776372898478121
-0.17385816789176145
-0.4518433313992207
0.823956603834537
-0.33514882015225544
-0.9576410459576734
-0.19710254553120632
-0.08465955361314137
0.766280527877782
0.4317349929840373
-0.3812061776311617
-0.40284543511503856
-0.7550167338500113
-0.826790049418429
-0.6126303784254077
0.49844078600323427
-0.6290641980806109
-0.9240736799540701
-0.33607982676226905
0.331173093639644
0.1922157859692406
-0.12957341800699718
-0.45087901835537614
-0.06422465036747793
0.07462347613965167
-0.27395406107026865
-0.5583763569824076
-0.9087916911661358
-0.5510781974381249
-0.6095781787338745
-0.2569180426186035
0.14845458131797273
0.7734807421834697
0.14130253376868485
0.33647033168337503
-0.90545249764885
0.4222004298904314
0.11971990652017833
-0.7040114780970992
0.0931462422828484
0.6917982619911234
-0.208957907949556
-0.17050493468022046
-0.7359042818910715
-0.8159223455267168
0.6373546512428852
-0.48957416893435113
0.02185047626234704
-0.15338482448410606
-0.8303447820902785
0.8204039010072117
-0.8490796436620842
0.5803727252391799
-0.7490278723642344
0.11862929953113466
0.8960025314321796
0.27026188772027937
-0.7889663855871107
0.50583328730103
-0.21847622888812146
-0.9935923334372754
-0.350623277511932
-0.5291277852692275
0.9997318293786528
0.613134429405751
0.8374813026781902
0.45540546383083824
-0.831316055783687
-0.8098966635700335
0.8542537945802182
0.6556297998708984
-0.3664697770746268
0.2432353287996496
-0.06105602483324879
0.7033913689048759
