kontrolni radek
0.6911631657752635
0.7406038234696202
-0.2937098843656609
-0.509528405966525
0.37005622251620474
0.9678748330024574
-0.5557279141057143
0.869783467761923
-0.26399811114534133
-0.2636388237063545
-0.9291963942475747
-0.3789244756305872
0.8435763922522705
-0.8828860877310274
-0.6532014813178555
0.5958705080900568
-0.12884478814179
0.6414919004342472
0.6761371244324592
-0.4507679877695543
-0.0003811668628306286
0.8642742301404873
0.08693452029447513
-0.5986104535522709
0.5924800006807571
-0.4585240710191052
-0.5473392608049168
-0.981954431775405
-0.1962440467634159
0.8908491449215437
-0.5273071190047482
-0.5972410901716705
0.8641867470518723
-0.20421992613693485
0.8712518019191702
0.520669880411581
0.6218776744137688
0.9366150843330847
-0.7818414349092617
-0.2723081711783435
0.5175583438007536
-0.2731769926313281
-0.08037444519658687
0.20036578468947996
-0.3014480556013419
-0.3440169194320095
0.11924870154875444
0.8808288282281387
-0.27758372417693256
-0.8968057674126422
0.48112638953362286
0.34668505827350415
-0.10403908512488469
-0.3660769815437914
-0.45089659451746233
-0.1596450202485844
0.6298916965579251
-0.4647361418362501
0.25377634325456566
0.33425189230720354
-0.18705206551283315
-0.06631777392251403
0.6460951632985004
0.04187352918269127
-0.6608942939154381
0.9364899444881531
0.1572842591649839
-0.08267400611382203
0.24649237906921107
-0.42168169334708683
0.9561068160142077
0.6593249594869339
0.29479299411683657
-0.7354584666297057
-0.7643257103616761
-0.3592096383577901
0.7896963264347814
-0.13739670193005749
-0.8374541921491285
-0.30206660800173735
-0.9184099087172144
-0.17457129706939978
0.6308021106009702
0.7550375971182757
0.43751743859018966
0.5203062386125841
0.5936566666934957
0.17312758254361427
0.2126394353016552
0.23715006725454324
0.9093005946837882
-0.2234508959305772
-0.2251420114264835
0.47443219189016195
0.927428444228217
-0.42212417802463986
-0.06766992114119974
-0.10407325867805906
0.08767106268866498
0.7252797549633292
0.2564636382338412
-0.08213169557011701
0.5577617869212415
0.47099234930087563
-0.437246928803378
0.8348085368175939
0.5261209344784712
0.5965974707334871
0.3810779507043702
-0.38565414794314123
-0.16672059822078644
-0.9295781047495886
0.28989116808005755
0.3311666230761019
0.023062331621771515
-0.7804003191942148
0.3239257425822939
0.8950719145827808
-0.6282504196627823
-0.8059244837532171
0.021249089684198363
0.5330162655574684
-0.2775665577029973
-0.12546178876002467
0.9309185873121884
-0.029015027150502526
-0.4048859560901563
0.2935132054282481
0.29582821360866807
0.13725221310891156
-0.8169716032382919
0.4478068674413769
-0.9089246233385411
0.757729428574818
0.43041232647175653
-0.16735122308946737
-0.4553936258158877
0.620985917121289
-0.7142270892278972
-0.4849151640929157
0.8731490856352577
-0.5974498301439515
0.409179714395163
-0.8854926212643321
-0.5817471419036044
-0.07506609435778144
-0.1296947064178271
-0.39963290715909183
-0.2520635926672006
-0.16547806022626488
0.332883952400747
-0.8196237054384017
0.6789805164043772
0.6419462271597156
-0.13524360071448926
0.17999611953967176
-0.6932004511192038
0.7869516123920124
0.2664390238971195
-0.6880929334337773
0.7782467281992622
-0.8830532425096707
-0.31556734046827795
0.9763332004259639
0.2583949653108961
0.18110354874971346
0.5564608256256489
0.5022379717238938
0.5798238315954876
-0.8334188781879668
-0.35182268861731947
0.8778376720796381
0.1652839562256445
-0.5374164509588895
-0.9488071851420874
-0.20312227431886698
0.17902702922936187
0.4613485778189883
-0.6801199530208439
0.9827758346647211
0.3795272172864448
0.22767130634487542
-0.20570799764893155
-0.11045754568143007
-0.9442393499056827
0.6444481499646892
-0.626918004254635
-0.8625411623768151
-0.08092684629929559
-0.7833502283030813
0.22848464368400223
-0.5036278356515538
-0.11732834137393833
-0.2376307058858269
-0.5474439840503644
-0.28077418493234285
-0.8891481179337324
-0.9979618911941863
-0.7796387955348889
-0.2601686162144463
0.1515728002770962
0.7352249542641944
0.44008201360728827
-0.4383447758196821
-0.39790492084135476
-0.031181234671108893
0.30276410288599465
0.8578594207726595
0.5116170612893918
-0.08853689110607088
-0.8943504679963479
-0.8327261252800922
-0.6817430389308379
0.6874272166170883
-0.3045271810138106
0.6672970474578426
-0.38053240151905543
-0.8207328843760082
-0.34800437756692726
0.9660640311699111
0.7464680214082786
-0.005294327348444039
0.7132145401883403
-0.4462534278767907
0.06301204285282691
-0.04127284782474838
0.36059324237047785
0.7450925414796485
0.7780759891203539
-0.39413743425761494
-0.9087969685833677
0.8075595851776329
-0.03788915089829481
-0.4032797703131654
-0.13064893203264472
0.5245289501113681
0.04342455739994744
0.06045251968867826
-0.892120953488261
0.4732691146949666
0.7170832603933319
-0.570642919978275
-0.011057702174613215
0.9183473883205413
0.8839066857829545
0.490003672148027
0.8964962682179327
0.7791731085817497
-0.20632758214536762
0.6391619390611432
-0.8267315333786667
0.1117816718719733
0.8258348374862254
-0.7778791615558251
0.7164103993849005
-0.3772859345665549
-0.20132007134685526
-0.7379303767726255
-0.02464482856863981
0.5382945660080174
0.5877578080574188
0.29796153946077997
-0.6668650280742394
0.7148563857516772
0.350519084620895
-0.6922807611559318
-0.14871195153161487
-0.12586057570778886
0.041571902999957056
0.7049968808653262
0.6718947384624185
-0.6354707400980344
-0.46810615920647836
-0.1660310310962576
-0.7205235988233196
-0.47274654329836796
0.6460600944113144
-0.5482479700159091
-0.9997869256630998
-0.1425497387496042
-0.731354982753633
0.22923036911597583
0.7791602510897169
0.46839762640000426
-0.33729404992782164
0.27969017790572104
-0.36146285184689364
-0.624631435067043
0.6155655972648157
0.7190327622777897
-0.5396031749320944
-0.2981780010177921
0.8603916787544008
-0.8029832325703985
0.8190033597430209
-0.40529465733850834
-0.43035824493730623
-0.9691946982324731
-0.2950201202777849
-0.8462838696007626
-0.027015850736266556
-0.5341361145090453
-0.6556321663991684
-0.18217005322132085
-0.9336765624607484
0.8905505159816938
-0.9359055317571561
0.4715506783890411
0.7187452370039822
-0.5236346332819553
0.3770599452042478
-0.0749559617461093
-0.02052946045324311
0.21104708071918465
-0.2259748732147222
-0.005368610788728745
0.5345892646028139
0.12844258825324073
-0.4541363233621347
0.9243297088668421
