kontrolni radek
0.4040017105490605
0.4901704961658566
-0.3985224778633176
0.6286524540079992
0.8940758451409152
0.3396397251233343
1.0851060739431744
-0.6612915610731835
-0.02328882977180946
-0.14679600179536625
-0.4515254271796816
1.8043572573414752
0.6010886980465817
-0.7722267779277114
-0.008296592680176698
0.6507118436419421
-0.5504549320763819
0.1549008922186801
-0.32439979208419123
-0.95854973086359
-0.45380669961274145
0.996950255217322
-0.21170694364777834
-0.2839539007945242
0.21947442230237432
-0.8614820338981999
-0.7985835734852855
0.5792134695208567
-0.41819042600189205
0.26310316707669346
0.11430199859722467
-0.10996865783687793
0.07675082897261731
-0.7934406312229874
-0.9825883292824846
0.14688143476789395
0.20180031692282263
0.9413091836254179
0.6249157749112271
-0.6798338228384071
1.3311479464902423
0.8740390560024693
0.47138468736033
-0.45311048117083086
-0.4910905830838086
-0.11402381353297031
-0.15096532352120318
0.3789012937081535
0.9449702163614673
-0.9352323682547699
-0.2509890738084247
0.11332900103968102
-0.5849962122210357
-1.01952140686573
-0.8115222517987486
-0.8403825172381825
0.07999415726517078
-0.807862254947584
-0.6022060095597237
-0.6026242338867867
0.877867153170411
0.7619698688469572
0.6286175698790799
0.2131954577104027
0.6480430553885648
-0.7626112956214868
0.45701333795411414
-0.5797856803563437
-0.029152786628813487
0.6778056800116063
-0.8284149188058405
-0.6185088665296838
0.7198600225017413
0.05768259175810786
-0.4843270433873226
-0.5917527735337531
-0.3713118300488063
0.6057668531309052
0.040713871462717544
-0.11599895183814213
-0.2769218021525137
-0.9587239598448354
0.5379561335879919
0.006641031160630195
0.5542020952873516
0.723486238908654
0.46880962056962594
0.4101802985040708
-0.11544589898919821
0.08475500459764364
0.8104059839221913
0.5754874787676878
-0.5943877810409681
-0.9378103147483157
0.6474109203200371
0.054940774522289404
-0.8278969180497711
0.1450742199877637
0.07389865002837537
-0.14679376743783434
-0.9918142369457377
-0.3189934931846541
0.12067409895760783
-0.27049715883319636
0.39830070401775197
0.46381883381600053
0.7759498099727498
0.967295553310112
0.3858047289439892
-0.8848316078230614
0.12131731196258996
-0.8741843821337394
-0.11664049207816385
0.9303321912455427
0.9337948200921904
-0.45669904316581267
-0.4052783703955281
0.06245145252885931
-0.46762349420060123
0.37199584231357985
-0.41588042136010817
-0.5780111001741015
0.9840241689785685
0.5973096555463788
-0.8381769331507922
0.8715230680961652
1.8099346033839234
0.07042322743007734
0.408946737620441
-0.8050723964887343
-0.9525855686305609
-1.736067175436487
0.7284699399728853
0.0884644805715602
1.5975918033377625
0.7368652455007041
-0.31273154823340765
-0.9497918989025345
0.8755775562041057
1.1036283231926336
-0.5105199661261595
0.6896710598650051
0.3150451002024268
0.9159432741182028
0.7348221353241764
-0.8634001805245797
-0.9730986077926644
-0.04117076339254955
0.7753089910117887
-0.7482197221620179
-0.0739956697585673
-0.7203363597064611
0.03450430422338635
0.6822294508128762
0.4667156932056591
0.07502886726906666
0.32821033481816353
-0.8144847260185066
0.3887195899657025
-0.24066486138608
-0.5462993695094545
-0.5419063382158975
0.5927353669040161
0.9417078375251088
-0.32291815655928346
0.335383101474491
-0.7428654660886733
0.8022143066706151
-0.3199289741058262
-0.5741517535124245
-0.11510352489700892
0.9509734957246276
-0.7559912563101203
-0.5755682982417003
0.8618604180932818
-0.4304874984799212
0.7532483150220994
-0.08700430152174024
-0.5740869163027589
-0.8177011861351944
-0.5654065214013733
-1.5188031424414654
-0.41581151275637024
-0.44325166963073936
-0.5611130351734861
0.18583918703051983
-0.8393097953527402
-0.24545607898889266
0.5473340371405533
-0.048549442685064115
0.9301606333699812
0.8086573490083984
0.6208836215314839
-0.0033935903645962995
0.4175299943699933
0.7983520212082083
0.32313780034184414
0.16042623525527655
0.9267096976696008
0.4041126656787557
0.18833065460823661
0.4106782549882828
-0.4916213726035594
-0.07023381844926213
0.7608592683888455
0.7856051828230313
0.23883650503849552
-0.5476677837243809
0.4181991571838515
0.6798467549636034
0.17373314465777767
-0.27027408741859826
0.9049805299306146
0.738383057542197
0.10070664414362884
0.18240550048369175
-0.2379721450746468
-0.10954449398753097
0.664643788489492
-0.8723669861959833
0.8068317424476523
-0.38133447781546126
0.7650064544049946
0.04273141603336428
0.13761948229508114
-0.03614889816153499
-1.3849288385701017
0.11278494415764184
0.9629885866699841
0.5354085972083455
0.882538843861643
-0.035656224199718034
-0.3694031592127225
0.04952147594589418
-0.21941231021317265
0.09346468129762187
0.8165997933342947
1.435862724294183
-0.8081689127379257
-0.16722089502378346
0.2606431575052932
0.3156939043099676
0.2692104769947823
0.02711203785370553
0.8431178019499819
0.9524769907659678
0.8242095920340047
0.9644921537680318
-0.418065676918123
0.8283210893642234
0.32501045639620574
0.026072578007171554
-0.39980621883800826
-0.3627682142940398
0.21965925371960834
-0.7171068038696435
-0.6542369180516117
-0.6647360099164727
0.05167148464091231
0.9833245476668186
-0.43393667333123953
-0.4129099640456173
0.282289642356508
-0.264482323946047
-0.35363983876265936
-0.6873993432390046
-0.37871628450077033
0.19354794977410195
0.6130131319796084
0.8878455507989389
-0.1551376580199515
-0.24502122998372355
-0.11627733055882716
1.1353206813188037
-0.11032923070938905
0.4535965643836384
-1.0523824893682852
-0.7855984841950963
0.6752127226847442
0.49661670651601875
-0.12733212963185406
1.2618615676109406
-0.38239032762471914
0.6464652330818297
0.8554050299899196
0.6867170457890763
-0.8001591597968063
1.0628413716538585
0.21943829665558745
0.2820522510449282
0.864483405896977
0.24166578230494573
0.8680266347397676
0.6663145639908075
0.7957424749491993
-0.6230150632475011
0.7230852139717787
0.9567221525465912
0.3391998181106879
-0.5236051226907461
-0.6719669527971144
0.6271884934200862
-0.8003619887091373
-0.17877747507217623
-0.8976457966509301
0.3414985250810496
-0.20318519837408977
-0.09380893898035203
0.2115613368077336
-0.2034796732273252
-0.5545496404315005
0.6800533096632086
-0.7036478550457705
-0.32087001419985506
-0.38286532217155345
0.9409074415789815
-0.22604807608451605
-0.09165514431553468
-0.31067365597845353
0.8124543167144513
