kontrolni radek
0.9217552748050528
-0.6363202884113692
-0.5524608886805089
0.653057107265397
0.49241462768394495
0.3637885997819372
-0.47894376932963056
0.06189068134182718
-0.38640051225536975
-0.1190233932834559
0.05658493862169056
0.06689452115957928
0.34907654352507933
-0.8617449616408586
-0.29317777028903724
0.359244771128181
0.8854153550011894
-0.21534857787900874
-0.14814014741812542
0.4843333382565793
0.9439643048704522
-0.008026988070088503
-0.38108275248884227
-0.5730369536862738
-0.8982812349078948
-0.25943491367188964
-0.14028897189090617
-0.7813192480694877
-0.9712393350304478
0.27039250834438966
-0.8153577345598031
-0.5368319162423194
0.8633970402887454
0.3644140092286041
-0.2749733084030517
-0.6875016291054812
-0.26161504213390097
-0.6546933893100348
0.6646847846194834
0.1098388284660603
0.5706922113603761
-0.5638218932231187
-0.5212812054301255
0.5797606470528107
-0.4196460243337998
0.3630890489614327
-0.8387139385602489
-0.1785624498101488
0.652990875219575
-0.7277955016824542
-0.7586151975943711
-0.5550894633494587
0.8657585911189924
0.8638186587729637
0.42007632721442945
-0.9319652148431334
-0.8868022835395308
-0.3259216923347297
0.4343589771379601
0.5541406557784563
0.03140698977510037
-0.027439261057691455
-0.12882838644165595
-0.7859859399885987
-0.8990237455446572
-0.8509948557573832
0.978287006789768
0.22794452077386973
-0.686966412232886
-0.20521909787082548
0.09290445245042234
-0.7635908881655
0.8701350507988861
0.6764140248987753
-0.21670360684520484
0.20824399794567827
0.6061022153959059
-0.5038785599910425
0.28983078802791007
-0.3387985150163615
-0.9880701692459719
-0.43876874800254906
0.4325837840588065
0.0583458572808675
-0.7705444361622411
-0.05058333606974674
0.7875172737784679
0.4070062627728306
0.5606190209278212
0.8406886770943771
-0.1753722345066262
-0.7992471469137348
-0.4007598470044298
-0.03790430073897455
-0.6430968095989031
-0.10012173807779345
-0.7040151982692904
-0.7019667002900527
-0.478960300875243
-0.9841938672516293
-0.08847530113450608
0.6057701255532979
0.35679330584382307
-0.6501456731414592
0.09811914491923024
-0.39659392041277597
0.5253616173792304
0.7102936368813111
0.9876406689938797
0.928412664932599
-0.7242519914444816
-0.22669814550650624
-0.44062511129902315
0.9582565457314531
0.257192502721727
0.6602455911372511
0.13188472100679371
-0.05697353498651658
0.20745471342419686
-0.48188402081641923
0.6109566041668397
0.8173284425287761
-0.29989291957035347
-0.7513100568127902
-0.73794760303816
0.3418412400836002
-0.7530299739525561
0.42239703619056823
-0.006305493556564956
0.8262058966546804
-0.3271371214308838
0.8752573302463658
0.18766637815611475
0.4438642728325155
0.5216143847804495
-0.022332447382634513
-0.91023884713952
0.021107615152477166
-0.2340676251402527
0.40288345045267526
0.4219469702806653
-0.8388224581709154
-0.6650384537353788
-0.038002994197134266
-0.35511985727732576
0.5856763309873025
0.8636986618879967
0.0071536767991096095
-0.6751888459622519
0.49817438374051215
-0.1905891419201149
0.9982636863120307
-0.9421694981472897
-0.7618613946193804
-0.6320979552325567
-0.5760586427899639
0.03725156945805086
0.6041082392998476
0.3120310648489395
-0.4905401040431081
0.7695822840049622
0.11515661759197005
0.7651268396572728
-0.9137109424098364
0.03990912279527459
-0.1766921239810031
0.3466685953875397
0.8044650824558823
-0.1723680635171203
-0.35485272208461227
-0.17228861534557116
0.11758996747022343
0.5901122667204834
0.1164249377531199
-0.7911986009014609
0.09120754481555249
-0.5952178691154013
-0.8147727938629428
-0.5064662369892345
0.2774368322387655
-0.06804548271895383
-0.3917394569456665
-0.4002727299272917
0.7340097630706912
-0.5507683624104147
-0.13187057729820184
0.13965569363702768
0.4961878927984609
-0.9302406092482884
0.6810048438378546
0.155019766023488
-0.4883936498803114
-0.14470813999103482
0.6975027445222786
0.2320090311197296
-0.6411293442905801
-0.6405101144587717
-0.20612386634384672
0.8501605188354824
0.058644153704444646
-0.954975539816346
0.7972982283223942
-0.9812226354208011
0.21820871003325615
0.3943345866488286
-0.8047726218714517
-0.9729685409699291
0.9671316856584182
0.7044223537786001
-0.9502703121402147
0.26610440248867784
-0.5968777484772325
-0.3304176807718786
0.4057810728389013
-0.4506724631600991
0.9347939569994252
-0.7889686934029079
-0.9278208172810707
-0.3288946261647452
0.5451571425608459
0.06696051998487729
-0.29454985837544445
0.7224688597876017
-0.1322156702588133
0.5258497352316924
-0.03632709523387301
0.36333196671124846
-0.8098132579598531
0.4636262279348289
-0.940563714525319
-0.3491006520447091
0.6423496000213775
-0.10428360368399603
-0.0895094904491005
0.9057909065573886
-0.07251239287972044
0.3402259300358015
-0.8362608998224397
-0.3931426009065939
-0.8697621019053106
0.10696020564555075
-0.5704050930000462
-0.0804069531759175
-0.5508730287061168
-0.7934695621425587
-0.45460669604876314
0.13559858753441834
0.981491345951423
-0.5331612329075512
0.08252169481418403
-0.6851418685455883
0.023448117803719137
0.06884923667927967
-0.3937169771506148
-0.2794721504017188
-0.016412013278001014
0.3353012542720728
-0.41432005804114436
0.4622018584117602
-0.5707161903226181
0.3860684197990649
0.9992698009449807
-0.6142448746430267
-0.28305565039181824
0.7782540579284098
-0.6844728766508106
-0.48030937088510184
-0.19748677065358367
-0.11116624293922972
-0.7128592782594556
-0.3269357620372946
-0.19352903142573408
0.9052066544604591
0.39003790474011857
0.9791079087896588
-0.4063432597442409
0.3009005160290932
-0.44585401365505994
0.3315951282067997
-0.2422713351183321
-0.1852751834169799
0.5337018706401144
-0.35874220240517696
-0.19557883418192623
-0.6063397489725313
-0.2131511773313528
-0.24653228587323506
-0.5268327550600076
-0.8390080973387213
0.7419980502795234
-0.9219223700031776
-0.5665372151571397
0.8961469080912081
0.7104832777599934
0.46459174471022147
-0.8659550983333111
-0.2813056156037046
0.6073382635677127
0.9878903325411927
0.6603982257133565
-0.0627903064608697
0.23476310676699486
-0.9611363240579978
0.7752317990463939
0.12480808209961847
-0.5350568711629624
0.39788947385081874
0.05986918196926072
-0.26087626637128647
-0.3953851825352641
0.6504629748041797
-0.6693765693773885
0.9009475032513217
0.7925324345917899
0.04916942896567056
0.07149443579142423
0.8177673897312276
-0.37053818132556526
0.9196896491647866
-0.7830827832833791
