kontrolni radek
0.8668581125699859
0.22661443645116286
0.0029617497006735327
0.5591804694020854
0.48932900896431364
0.47958481424377264
0.8804194754921488
0.93994124746247
-0.4634651807201753
-0.22725341373543229
-0.42461242729231086
-0.4527500802093263
0.2489660729625458
0.29008780519347854
-0.16383069333688005
0.8147343351753904
0.27018059990493004
0.40841228513193206
0.2300896603500242
-0.20701131505587766
0.4445954392474296
-0.2353950414515389
-0.20115391533171234
-0.5397678818904512
0.8377072762658984
0.5205740659598934
-0.10664243477899449
-0.9388369685593065
-0.997834522571492
-0.32251044029352505
0.6826915078872362
0.35104779138679376
0.9923290821024091
-0.40524457782261813
0.5389826183153437
-0.38699320654412794
-0.3904799659222289
0.12870396833959052
0.2786579826663227
-0.5485895808453938
0.24937464865164993
0.08715538259465849
-0.8144440686049415
0.7758206447890417
0.22916869518296057
0.37976567964752506
0.4735289297363061
-0.26748576001070856
0.05666430767643438
-0.6181711440905762
0.23770282106603968
0.7921768588064373
0.8586637717917909
0.5268740865990273
0.5705206568805472
-0.6974216909326307
0.7406853351329004
0.3090877306864146
0.41077422359851523
-0.7286027418856902
-0.009411988243491543
0.7946099361544499
-0.9385187106521389
-0.7864251343068176
-0.08480400311266623
0.9253597906806825
-0.5221171673568752
0.13726660000523516
-0.4362171093455258
0.8089472777440545
-0.5754574849070491
-0.9444877598063721
0.923147584585144
0.8465086375845063
0.11237198258584868
-0.7419076095383741
0.43846015665973437
-0.7240601255575585
0.7416037744492825
0.5381021283439116
0.7470537884651403
0.6090480519558092
-0.3259327917277537
0.26680398660772475
-0.1044276384054843
0.7199657377370461
0.9487373808310655
-0.944324567685908
0.6411595934459271
0.3586323633223414
-0.3241018817181125
-0.29752314485806775
-0.5496752681914476
-0.6973739029318407
-0.6057947505303309
-0.7410425458297636
-0.773545368251874
-0.38655422454944954
-0.2192341149774979
0.6008496363154854
0.62237215867962
-0.9199333446520159
0.30860373436833144
0.23140141536102488
-0.8237070872438335
-0.7693414864046915
-0.15132681410835835
-0.3533535851074796
0.17073972364001144
0.6909304887916752
0.4000221506746662
-0.45954064054513655
-0.2695559470661961
-0.20025231310406877
-0.7359847492898557
-0.5585909565542115
0.6715596838805313
0.8370697044096114
-0.22799227838388414
0.18056982139328426
0.6500573457591716
0.20584635218120106
0.37354588362272967
-0.2823879883209428
-0.939057314682024
-0.4982416275645989
0.7389933770038695
-0.7680983001204253
-0.4820863694600632
0.36315271557815443
-0.22767576686391
-0.4637825259378352
0.9030376667809201
-0.7842895440930024
-0.3360997392609928
-0.7180119569844354
-0.12685861194772596
-0.5987157575230353
0.18574883543579057
0.4225175330278428
0.19973304844877893
0.05832728593952674
0.9268599899475432
0.9275215036966864
0.14070973087486438
0.21545348370224104
-0.23203004736110833
-0.6065886779313003
-0.41146421825464574
-0.09606929260514097
-0.5428062717568616
-0.8723314930269805
0.12159549828274563
-0.5309960259857125
0.5944544590278791
-0.2756212550649755
0.7277182150645489
-0.5969876047680311
-0.3660616346809822
0.8215353055745347
0.40765491403665766
-0.9689079835922105
0.41976940015879305
-0.900826548151642
0.26786789063157834
-0.5369192912143064
-0.2422008850478361
0.34866346515837354
0.32934613505512655
-0.653821944901434
-0.4265751003858669
-0.5789089823692075
-0.7363087895660487
-0.3493586737815515
0.14731208145914532
0.7214937402245829
0.3924071919935741
-0.5544694984659453
-0.109945508673718
-0.17920302356814055
-0.609663773513923
0.7860924613135118
0.5219121968817975
0.8801524614628975
-0.03378394633299475
0.4270664092733898
-0.7897412836239033
0.8984133815915749
-0.46361613701578475
-0.9173836190487641
-0.45746409447818115
0.41493010564127464
0.734243115686279
0.7427392119081802
-0.7234919731844511
0.17774024742390937
0.9548704197314366
0.09911496898062144
-0.5045883712949295
0.2526125392506051
0.49257790455642625
-0.6829204335219305
0.7632786149650788
0.100547598495351
0.8922802103749063
-0.32409364875497326
-0.9219411693561312
-0.2804448831345647
0.9890166074029021
-0.43307832635749466
-0.03134631344053296
-0.44602328856363904
0.7809855377400536
-0.7627855483281709
-0.0956099669041659
-0.0013501131028148539
0.07081593729591917
-0.14236365739662227
0.9803098761756284
0.6683816738373836
0.13970453839185693
0.9471305106769128
-0.8164820730156304
-0.34492021445446386
-0.16262214152679388
-0.9325880830290756
-0.9162515269683689
-0.7374825076982585
0.2586294228205941
0.9484898684135663
-0.5596952974294072
-0.997538180488194
0.6494366550071069
0.2093875753072456
-0.8318495171788862
0.9043667183230435
-0.9760248728562313
-0.8481554860983653
0.021289591247209305
0.587270618647467
-0.25924210022888716
0.36167030405950906
0.7436012114634181
-0.5874536174161731
0.302310331465627
-0.3489550084099893
-0.7485596928898055
-0.6144062477572956
0.1580009778251592
-0.9342508430949579
-0.020034308996591532
-0.07261245894244928
0.6409125946212375
-0.3788469382164168
0.11190173313497076
-0.5257975082009567
0.06453114157523587
-0.7683575138426841
-0.46904995623008605
-0.4262915563522056
0.8353195744692854
0.43244997253915507
-0.6416017249341324
-0.16901835463777348
-0.7249226423260668
-0.1074340841993715
0.927623784410778
0.8101351664215692
-0.8112353083090209
-0.2983606318846317
0.1322936409570763
0.14062155409264565
0.028363628237805028
-0.5464029187405264
-0.6491017057942767
-0.7913241621282574
0.8260790322467031
-0.05412065342738859
-0.24600960689324203
0.3722882167410677
0.6873277035457792
-0.03205388727725689
0.626972076347543
0.9952855980984723
0.7817708462403601
-0.020804917034852988
0.6311255961519202
-0.8061623674321978
-0.06124574079726908
0.8460806609120177
0.2812867410947715
-0.9369861234912189
-0.6088001023313638
0.7303133764498746
-0.4598634064213507
-0.4275482174550629
0.8295894998299482
0.8314187751659254
0.5471692368557426
0.2496680728786489
0.6432946748625838
0.4453900522448271
-0.08718681705155684
0.23413585858763963
0.46483219699073053
0.6087197431917448
0.38507058615441503
0.5203258848555803
0.11782773730097373
-0.5947010146808824
-0.6770261058380902
-0.8156663097982648
0.06028610397069323
0.6471440942752045
0.4162854766508086
0.1707317857220021
-0.5940306373836663
0.330723162577786
-0.06495229481330544
0.6736956491049395
