kontrolni radek
-0.7376849204521594
-0.15938159296498422
0.5672040324057617
0.39963225857484996
0.4754534479916801
0.7285721845538109
-0.3200713483019184
0.29594692974780745
0.4388826914666546
-0.5960458787351988
-0.7169314181551085
-0.22674800341814905
0.9095032185963223
-0.41497954495129763
-0.515660000472175
0.21166339934192369
-0.6990335291354415
0.20543630309061323
-0.27746597473319823
0.610362765201151
0.9119910305828929
0.5180349610163779
0.6403923907724469
-0.04742322532773868
-0.07567912230970997
-0.4836875658978761
0.5100647552449769
-0.988680100135648
0.804395673073661
-0.7604907469750346
-0.24546352199555943
0.661185815536468
-0.21930165333633678
-0.8125926735587898
0.9654688324712408
-0.008763973278879345
-0.1528948954213667
-0.4689115550212408
-0.8755233504424409
0.48376240848796215
0.30127500261492
0.40517337141059984
-0.9864486556758307
0.36093668231536835
-0.10958427683640659
-0.2589323809551376
-0.40854028273267007
-0.4564000662060388
-0.06128822283126678
-0.13652609906793
0.11171040748291183
0.5394260275176532
-0.8700942362606663
-0.46012717338758025
-0.6785290615978092
0.9562937041518644
0.18216711178250322
0.8449203743157798
0.7506837918358087
0.5247168946137055
0.09822125351353628
0.2687492139925709
-0.7482282136348812
0.23050728047076952
-0.5220641950111184
0.5222836785226117
-0.4734324751576571
-0.042453734036512536
0.7553664042845365
0.3936558773255492
-0.8900531336500528
-0.7569908470089499
0.585226847421338
0.7226441735965081
-0.9504871737522165
0.4413699028647693
0.2722028103634797
0.9798552837506056
-0.920892991469916
0.4670573662909241
-0.02896817288219178
0.9437380252704097
0.6163947016814566
0.2236828288731696
-0.14468748064767611
0.9596110467878054
-0.38668213451684497
0.244593708786095
0.030508790985303014
-0.34263912688252085
0.013806922362384011
-0.12445160112548215
-0.5572594703062332
0.32327638373181977
0.32215907059418947
-0.22594047763797298
0.48954460115884735
0.43914918838858963
-0.5996478803827319
0.34723981377312696
-0.8643737518413754
0.6340063319926321
-0.733535713739379
-0.5368792649367655
0.22912772401977577
0.9217488394749902
-0.8384013618932149
0.6833866846014378
0.40503112678171416
0.720204003103476
-0.4829072429031507
0.6201211484996041
-0.5420275732573716
0.012804357134031275
-0.34898017851486984
-0.8068511425509679
-0.8225636200063475
-0.43231833091327965
0.17499683488337947
-0.3319840237786338
-0.4996653335753922
0.8328898012735391
-0.9653976418259718
0.04791692342961351
-0.29693106778120026
-0.05714401674229297
-0.7946922027465697
-0.4184708760343261
-0.00011491729381285509
-0.19515766947137592
0.9522266296830275
-0.7636636379732353
0.3064479759983354
-0.7131766842099807
0.8585619502540991
0.5400518006355521
-0.9237082805616745
-0.7376019243837091
-0.5849490200128826
-0.7312634107411158
-0.2984758005317367
-0.25776149353427735
-0.5559760726135659
0.27775479163620154
0.0909251280824086
0.48818358123785766
0.9099820702771768
-0.03863908360328461
-0.5050680735891471
0.7112569588657249
-0.6479311507622676
0.2897060206486015
0.8841972431807454
0.22107513792429256
-0.6956854636089418
0.4666310551377253
0.4639424965259522
0.9333142186746841
-0.6807801818017514
-0.17447093706831862
-0.47518406878011477
-0.19422897689022833
0.8022505687082637
0.41018461763778435
-0.9159930430028418
0.9293398420944003
0.9378290790240364
0.0950934003593904
-0.7450638290054747
-0.9783593797412886
0.3131982918363678
0.09407654399767362
-0.8911216855226782
-0.07514774823361581
-0.01786292251187027
-0.7710415977693821
0.17773888700736196
0.6287475463806906
-0.9133350870155077
-0.4600482317647827
-0.4045851421573281
0.4204584494158572
0.44589010764304393
0.14013474846398344
0.9476715372155489
-0.4835163440614909
0.7564941997907451
-0.4151498976525785
0.9544681664072658
-0.8762977257997049
0.7312389670043367
0.8849896293029933
-0.5504744563271602
0.0390936414690799
-0.06004685045513902
-0.9458754265819271
0.6175958656719023
0.5539721770808601
0.25620665259925857
-0.2692540791006699
0.8124916085186382
0.4166235363180628
-0.21748193187749854
-0.2835391997609584
-0.6236591576771169
0.3316013743361772
-0.7006789281186621
0.11395777210289637
0.8193733173080151
-0.8435431017633277
0.261053364870548
-0.857381096649509
-0.48174317699375524
0.7464218658175676
0.06551503499619082
-0.8726449537836689
-0.0943846948853364
0.8855524706433351
0.5544628829092064
0.5075836591069407
-0.06028016194396879
-0.19138876673953353
0.4821568798350848
0.5021743053042238
-0.3143570451557687
0.8506643705116752
0.7569677472086429
0.06036348494645338
0.9363263129516735
-0.001422984971171104
-0.34555156927700925
-0.840420839847092
0.9005165075231201
-0.6924627093357252
0.02412656236863797
0.05675898298320803
0.7533995960865669
-0.43405618858670536
0.4567752923509969
-0.5142241952319342
-0.9340083997240505
0.7153879231037858
0.2404776255436576
0.3519120027305007
0.7956240209552523
-0.3992569043588845
-0.31060032051654374
0.965510399869191
-0.40504214955214346
0.44942260764752207
0.24621251791776166
0.5850308702086704
0.9455031873168638
0.3506982847659954
0.2654282357459956
-0.10495280187117628
-0.9826557502827578
0.155454111070646
-0.44604808662669626
-0.7677148805529039
0.08790507961188854
-0.7930363442404678
-0.7365831382521753
-0.9177912287710093
0.7955073167167452
-0.10869497009628137
-0.4876994240058541
0.5596602081858344
0.04366234700676741
-0.6706865519193106
-0.9350978387707687
0.8447110782092979
-0.3075054797206027
0.16638651491127576
0.9014902883768168
-0.7935750510008257
0.7095001535402972
0.0884408595904902
-0.35232152711705367
-0.014011783807144296
0.6393052902644847
0.11968820050711271
-0.7172668235342741
-0.27090710393223705
0.6926276016997015
-0.2845521019099906
0.7835712809254272
0.8396345254522237
0.6939215664840639
0.04208736150441128
-0.4502278549840737
0.6995721565141004
0.13774400440456636
0.24204343993534905
-0.13291338425210775
-0.40412947521857756
-0.4219821304021243
-0.3225470110939368
-0.9825319327408919
0.1676330367146288
-0.05639745497713622
-0.9491236661097133
-0.13292942025452104
0.09268917172494961
0.14211213077229434
0.8569205902205399
-0.4127312918937964
-0.45254629859197903
-0.8004466620613535
0.21380712568372062
-0.4704409482922334
0.9285062210346176
-0.3299723397861709
0.4819177953455962
-0.3379376271945378
0.9320823305525126
0.7441664392470726
-0.3011038469645839
-0.4667754200194443
0.19016668190026964
