kontrolni radek
-0.07015906028259211
-0.5117485041671697
0.7160773980797539
-0.6136120301774455
-0.6166118364113127
0.497728280694373
0.40578364209382967
-0.9888604453461556
-0.6273099235148403
-0.33636206921262435
0.7796145472584206
0.24783671707474797
-0.9537654537985432
-0.5647212562992465
0.8259114232315181
-0.9167974814062183
-0.6360179388836209
-0.5906748690526609
-0.3017740315462172
-0.8926076080283933
-0.7649240989827155
-0.16007621193503785
0.7659613199593607
0.23695891975087502
-0.8075901305903452
0.15802148295543628
0.3959055055034606
-0.6949256928509895
0.6700835664211207
-0.31410590986277076
0.12487650627593627
0.7040212013663236
0.387142865927798
0.9310990041908795
0.8921101861186549
0.8373434035441045
0.6066452271465845
0.8503080319362077
0.7937912458206702
-0.24768445511789428
0.9949888731849053
-0.6828557901486088
0.8780864552431349
-0.8485623165719232
0.012998475927214814
-0.9865085985880966
-0.12511314261548523
-0.2002727737920491
0.5803150804091499
0.8704644133121815
0.1186174090739136
-0.5072531108037461
0.6469083620300147
0.6104705871051759
0.19765203980351598
-0.6822640638518171
0.22013509658333108
0.016569982781102333
-0.25112173572972085
-0.8326212899543928
-0.6033128341973399
-0.32806360450255045
0.8262379490730654
0.3294919684647275
-0.8301267491802609
-0.7095419398555107
-0.8929956982415825
0.8917451640690397
-0.552471164205032
0.11800603852321401
0.46235952829816784
-0.9906019331548244
-0.8583484581511458
-0.16610811498396583
0.854466821772609
0.6636478279522962
-0.6993146184559538
-0.09701685858409825
-0.944599183059335
-0.41576176543352905
0.90646099000586
0.1342454561448021
-0.24435010024765624
-0.36483290395278534
0.6814615453179267
0.42039369911930646
-0.833731320048821
-0.5145261531599876
-0.7811572821501078
-0.051362195977542324
0.3935390670801222
-0.24101624283723577
0.3179883476313059
0.1411157841509989
-0.25658266465752133
0.23976653146863258
-0.042522956159162906
0.5961481971748661
0.2726256227171293
-0.15232895171159044
-0.7857423563957457
-0.5674383040046669
0.013835434920243639
-0.2917204450712674
0.08559653797228162
0.9282814238502979
-0.7906931886316166
0.8932942608060532
0.5832870778990105
0.13382862155102893
0.20212705234100858
0.004861220278875811
-0.8673531257078246
0.48947753347323375
-0.3622979806847033
-0.6007322670421911
-0.883048613506932
0.67231032243864
0.49374044431150343
-0.9042760123324354
0.11387428417209744
-0.17710578935238708
0.17402769537245089
0.9461500291522229
-0.2558349399904609
0.6353263743713498
-0.7195489074538983
0.6938147909473393
-0.23567275670247745
-0.7208961260005293
0.3712458578124729
-0.10261222606920017
0.15279096553979055
-0.002420241176967375
0.8259044376972469
-0.7047661050789553
0.38665619089423653
-0.08725126592595345
-0.38067197370412664
-0.44116549603776933
0.7406707030185535
0.5859845879612222
-0.4900672490362594
-0.06269038135070981
-0.7902849222994457
0.5077700812197685
-0.6045056113705884
-0.8908349558141573
0.17337998755003992
-0.016824580790468335
-0.21290898618685494
0.7236827522460576
-0.04101773027238664
-0.1902088311372916
-0.6306989256554771
0.5333828327582684
0.9219157144532217
-0.23484477321928288
-0.06752771844774541
0.995987804800124
-0.36794420895738034
0.08633234444308857
-0.7925652899181006
0.9549452668201679
-0.7883167834048634
0.9752071018133182
0.9334142570247126
0.016659980896032378
0.07184412332075585
-0.3753149935069098
0.7182910449822757
-0.949177306449489
-0.2904658205043802
0.2505580589638865
0.6310753133142415
0.18963841381972335
-0.9167321340820316
0.19432199457581034
0.938254768866998
-0.04126531510282638
0.06989607639911344
-0.31365666673030934
-0.6770775671556031
-0.15057493959109824
0.2064653577252069
0.2149292945867245
-0.11057121251013635
-0.24839249545179465
-0.9462628292221706
-0.038731791604669885
0.42867780799572786
0.7816305194058049
0.6010972997765678
-0.5329834498359858
-0.4076986688975326
0.22683296681976173
0.611393535890117
0.8123816435812745
0.7403872772161286
-0.704921431242244
-0.5620128698786087
-0.9513509679304513
-0.4103654433348469
0.24714830896013584
0.79368989832139
0.01115200588359544
-0.9125656907445931
-0.6085020710179083
-0.026279040930080155
-0.9350490835120584
0.8862605455269681
0.5228531977165138
-0.16967004459029456
-0.6375278527653923
-0.23847179236403782
-0.40153725967784126
0.6950899586301134
0.19008875170245143
0.33359612487032075
-0.5258912610640512
-0.7560574890199734
-0.8632590939192184
0.8420659856369532
0.34254019644067224
-0.6853331633327433
-0.6265740480315185
-0.6952103963971223
-0.6197276672691323
-0.09566272136781762
0.5091545672708582
-0.6152801246642412
-0.4615674522596487
-0.0301430314605875
0.5227084890805149
-0.4920821076901176
-0.24221140425781562
0.8883616823774729
0.8267864411369417
0.4560386451236895
-0.1004786803842792
0.9368773076399108
-0.7777334293035718
-0.3339607751572069
0.9746160329758526
-0.9028983418945382
-0.1494610522291513
-0.3257900956302162
0.7175619110328355
0.40338434334727835
0.022804207257427045
0.8902259947036733
0.7329815766135432
-0.4308458541237099
0.8523297887296732
-0.48551884490322594
-0.4496673987614239
-0.07579308049619171
-0.0886016616512999
0.11899175601520273
-0.3219149016165259
0.42205731498137977
0.053133062861427716
0.11292186330187648
0.8083488746526317
-0.7917268784458924
0.10158112334579572
-0.361830089046145
-0.15661322976576897
-0.41420427719958
-0.34407691601449164
-0.17462153487893217
0.8788542420798187
-0.7609679531229423
0.744915764845232
0.21627265453864708
-0.9434322366982939
-0.24249202828294014
0.9931814530263536
0.4302581955833473
-0.9796702984588321
0.5745265825218717
0.6905988327031414
0.6578164674129894
0.02051002888946929
0.9166792845625038
0.8266789365801128
2.746128106023704e-06
-0.4604751217148444
0.1348285027450602
-0.8125628672435377
0.6807699370624409
-0.3889859900444921
0.434242598702153
0.6598635395853634
-0.31114782475730784
0.8703493512791582
0.5820283013104786
0.46664590897092517
0.49867116689677626
0.2613719289833427
0.23746566809146774
-0.731718953441006
-0.1481871455550856
0.4021129472074314
0.18299692745700225
0.01745007863816017
-0.5176576602804475
0.45184908788702005
0.8637861705843988
-0.13199812884925133
0.2488243077490624
-0.58722330211017
0.8364744534112336
0.563365317143053
0.7983026975329619
-0.35046658763597716
-0.09285990745763706
-0.40274297507051293
-0.6046945931583636
0.09396257152535603
