kontrolni radek
-0.628150075763865
-0.9893766572186533
0.4229942246664331
-0.6002172928375415
-0.9825294861931531
0.8037489675224747
0.6527057820410376
0.9245597336520477
-0.15439080980864195
-0.08971768452110584
0.9206518528863477
0.4359963272599572
-0.9071501241697877
0.5315918953698044
0.9995876664160002
-0.2523318252526239
0.9152889010064296
0.01949505406439722
0.17046870128179092
-0.3687440086780398
-0.3432066543032364
-0.876218063798267
-0.5084287858346836
0.24350542255694885
0.3870233001880923
-0.14657360731032165
0.8535297170370877
-0.862343048057117
-0.42798297342498826
0.4884167108853239
-0.8437124432460819
0.35716585029057946
-0.6325277723463387
-0.6555556213435128
0.16469679814873928
0.8733890037415133
0.7805229023196738
0.9368059169924421
-0.4543081531008337
-0.22942113785140594
0.025250037210682752
0.7782951130753168
-0.5905161944296411
0.9931608652730537
-0.2878149846215845
0.9956327043856918
-0.6696886070576011
-0.5054916398870921
-0.3605593194009964
-0.9444338529633161
-0.7133529151464579
0.46474141683488934
0.44126548544381694
0.2004461095162684
0.0798294443544143
-0.06942964228106074
0.70593851284465
-0.8150485420195133
-0.6746290264750574
0.919342916035309
-0.10083611482823462
0.08285085673845538
0.39738682872908515
-0.6514862855574006
-0.8514454091096824
-0.7019274845134309
-0.6799221916782072
-0.7685960066827711
0.8457275556872679
-0.7557333027976973
0.8481597814392081
0.6172848172146159
0.19772039954515375
0.3414467118680973
-0.20406790861653623
0.03865930411027474
0.31983585751264454
-0.3357227420361941
0.5728035653713699
0.6493314041232576
0.7916062022804693
0.12903945584869558
-0.8844807796859209
0.40386407782734146
0.7426144426517234
-0.010751639306437966
0.16627815171171068
-0.1244922676258815
0.9869769346843233
0.7281189765805105
-0.3182735387980269
0.6297124720546752
0.5090897851347667
-0.007485694204525162
-0.7545520838508166
-0.45404564070251263
0.1953477385872282
0.5707986563438427
0.4945879723699722
-0.8932418191016089
-0.871646985400057
0.10657397153721493
-0.821251054701077
0.2804500748951433
-0.1481738615447037
-0.693131443532611
-0.371873274203244
-0.802187582347168
-0.48748265606428975
-0.07643388112605454
-0.2862364176164207
-0.6506312843689805
0.8879099525552208
0.5482010276676479
0.7270831977426613
-0.10409245633404285
-0.39591976722807276
-0.35731712340661925
-0.35750960057973735
-0.020953350907179313
-0.9285764635496596
-0.42738654615453986
-0.8350016358784937
-0.12288510024874832
0.8236357659296181
-0.4465203910071658
-0.1790960965226751
0.7605599491115878
-0.22261690621203356
-0.9779699560861081
0.4379508656096316
0.33546393964367427
0.1396188586225453
0.08549635018293755
-0.4528553853680839
0.7245434961827915
-0.7580137489781877
-0.9903827540602701
0.41679550160164336
-0.5101625125271676
-0.2864357908739823
0.3615254897733644
0.7413334293778875
0.8058962751846539
-0.7371819151518084
-0.8272523924615707
-0.03067078127220002
0.08199955112367152
-0.29961546527806493
0.4046241484093729
-0.26067835495477887
-0.11112035580793633
0.3745959952539608
-0.1474688327125926
0.8370017150380389
-0.14191874463233645
0.5249865296941547
-0.5024036826340781
0.926597723051191
-0.5722983980270397
0.9446584746657543
-0.7025422241780366
0.4099392885712354
-0.7070356574339618
0.5766487582690969
0.22458278081334115
-0.5544560657162871
0.19962089927099402
-0.7740791313650444
-0.7753233263666899
0.8508036075512853
-0.9775018681861252
0.6375614213617875
-0.9699439338928253
-0.11673568930061573
-0.11569924178574142
0.5496227653916284
-0.5635295606539341
0.005002583728754617
-0.051227529099088454
0.8613583629772965
-0.22359573223924434
-0.16155227483680634
-0.5018705954435909
-0.09006363085252622
-0.6202795892257555
-0.2526716982125128
-0.9639658448981621
0.3603982752351893
-0.8571631826802049
-0.35837503637032153
0.05956609863999196
0.9471791903043489
0.34468805562871374
-0.3790189426425994
-0.040394432286716464
-0.8654607750671053
-0.91983571610659
0.3896577646968127
0.46297970974168234
0.6585254753677141
-0.7429392572191289
-0.8579814894023066
0.8438202865831577
0.3027067329302684
-0.38521916125907607
-0.9696957595319444
0.007340173471959366
0.13898667642727558
0.29685359263928546
-0.9467374922994876
0.8668829275026388
0.9077599306234505
0.8362885460591947
0.7608806625673139
0.9482280696013892
0.6399246954517845
-0.9723453924810797
0.7962818211940328
0.433305979964834
-0.42930839153984435
0.5576936621351198
0.3238689662491583
-0.19522009366428383
-0.7604990121066799
-0.11184881226155086
0.3427783319675435
-0.29080523458867114
-0.46297872580489696
0.5518715188393495
0.9530668123319928
0.24092372520097705
0.6796817547386678
0.8333746595624132
-0.31629153622956685
0.7132575191005992
0.015207195769335158
0.30405745354087266
0.9852150339909642
0.7459193516945593
-0.6397447687131137
0.7092988342243507
-0.44955455597034444
-0.7510087868279907
0.8468461340162978
0.11756612074710149
-0.9189949532135373
0.37317229906606886
0.5646696322845064
0.0427610958253577
0.26128596078846855
-0.5806542170129123
-0.688395015423451
0.7742335689037549
-0.49415404923147865
0.7992826941086708
-0.8514391237717465
0.18441716696766064
0.5321348632537934
0.558513526815803
0.2504686549702937
0.5020154845451239
0.4067179664657832
0.691161501895762
-0.5264763497173368
0.808460510846458
-0.9465793244194423
0.7608896984170559
0.6144142510897979
-0.5126341229179794
0.5893031551722823
0.5589195108546798
0.913766041515752
0.7578093129471324
-0.767925711469241
-0.6585783762601518
-0.0871361662077148
0.015897123630422172
-0.6256373912460842
-0.6907717152278299
-0.39076193206696996
-0.9991290696089281
-0.7046917462135645
0.9393392822824915
0.6951377316513605
0.8507709137050297
0.7535474830155
-0.6754118845546901
0.011926373864407314
-0.19706394230849766
0.2219286356068111
0.5305695580582577
-0.22847916813294478
0.6729795716889455
0.4525699763476969
-0.5746753081650944
0.18441436397669486
0.35581554819486505
-0.8233372756177393
-0.027138149831432035
0.13774246385461542
-0.8285646797189172
0.8351929772674529
-0.2744176427855147
0.9059165333043664
-0.240922737020683
-0.4800528922001308
-0.7078610922821811
0.3867645865934062
0.6548974969897794
-0.9483500810440286
-0.2220682378445067
-0.9268239404688297
0.1591977937929101
-0.20875097319081615
-0.26312619762958267
0.2991372740243614
0.8680673305714313
0.7018327615562838
0.051356040569572325
