kontrolni radek
0.33814017643772054
-0.6255050003684184
0.6030874013045289
-0.0009954453213050218
-0.36942998479716427
0.29747930770678477
-0.18229946867520486
0.48177570191169594
-0.4177505246574118
0.7418418314465731
-0.886819690984811
-0.5996949713768678
0.9553632824523366
0.20518768224272677
-0.21238772679508133
0.8764341183046982
-0.6933190336548474
0.39315469320034246
-0.1646526553556158
-0.9053353629596406
-0.1533455581519927
-0.8052946059278432
0.3710545663828002
-0.7235499487259549
-0.15821545431333428
-0.27523655392482516
-0.43367416588842644
-0.623781573611699
0.5621249063534146
-0.9031172992759813
-0.009726592691652547
0.5665005582846874
0.876037500688017
0.721558457137331
0.24938637377090478
0.07577239897116006
0.19920081364946918
-0.20446507839439754
0.710324192032719
0.4138727455820512
-0.23482711427233083
0.20956752424372693
-0.9857188099232832
-0.2808810585182653
0.6010944956602127
-0.7165895502273698
0.25558530779054056
0.5588524707148492
-0.47279918102340646
-0.8889339442721134
0.5609316501225956
0.9102813012522757
-0.7427744412150412
0.35609447629802604
-0.021573606250559596
-0.4099847127059544
-0.4147956988336796
-0.32511292625773125
-0.45236385883867225
0.33567563929810396
-0.5824208274447809
0.42711067977157824
0.5040541910540743
0.9014076593774603
0.9224746557619272
-0.15197664506123565
0.7575949889015354
0.7864213215509244
0.2626579050495157
0.2710043655595278
0.9964813850747247
-0.5218716749565053
0.1988766513045641
-0.9996718938956941
-0.2621849944959376
0.7931706227142405
-0.36769542200900096
0.747073590080348
-0.6086249021838417
0.19202888818295683
0.7739343884792553
-0.15933111959956525
0.9969413107679783
-0.7024450288129227
-0.0635786070625346
-0.702682338287538
-0.4897054808926853
-0.9893152792122104
0.4967062861438718
-0.9197086996079009
-0.3516842259026902
0.2957992910988958
0.0005327320557380055
0.7724659590783747
0.8212060711769664
-0.5395630691366835
-0.20357001476903513
0.9228547847256876
0.6961520427837256
0.7959493349145075
0.2439357575730554
-0.14795560785071493
0.5321364097303487
-0.34381910353773915
0.11934357749323987
-0.6280362369780805
-0.7998174959714925
-0.8225206766142059
-0.48516322490710584
-0.331251117392257
0.22937066597415368
-0.05281696240711509
0.42956467347333716
-0.5576913053731603
-0.7785937468296107
-0.4555679817646576
-0.5272004544327207
0.7002303164127734
-0.8656011606303904
-0.7110592689157336
-0.9466391319432692
0.835754531205656
-0.6368391718882376
-0.9924692356787652
-0.247914336177383
-0.7804273613862633
-0.33491103635935127
0.8512252499590134
0.8908517422413909
0.4656260642991108
0.7776255944025727
-0.5603111222342243
0.10038207883284045
-0.30567628162115446
0.2566270609205139
0.16920162614349654
-0.37025208729021397
0.9110243082183249
-0.7242824218327522
-0.31277454082227574
-0.3078662277063433
-0.050821272457520994
0.09605733232737501
0.9701430969146043
0.8979719303391132
-0.7240890135141387
0.21764982257430976
-0.6839277371593353
0.9467656826618909
-0.5544073033885553
0.4442864015904098
-0.5237534329691613
0.32437867101572126
0.7548112847111226
0.0819094273901595
0.20187810391703276
-0.5168110886657535
-0.1491065774211271
0.9431143855550841
0.8684010833171452
0.6360382126464379
0.1877122749040876
-0.155466535312607
-0.1810532428726983
0.3169307004969093
-0.23466791956586253
0.4887882370698662
-0.5286145148825732
-0.8955394290052778
-0.9580807173174968
-0.8820611495338766
-0.38357343469888994
-0.796925312253425
0.6330751499253604
0.493655552020168
-0.002876793603588945
-0.8218381102254766
0.9843635349547244
0.6670665039362729
0.952788502544335
-0.09484730280302722
-0.08929585836854237
-0.1019338544310362
-0.37138435523865243
0.5389649216803738
-0.9345752734823407
0.15960597162932344
-0.8318351435644713
-0.07005125327484807
-0.8206308755111618
-0.419252901599672
-0.6215797512389702
-0.9633429741898494
-0.37043862185265763
-0.4246263189213102
-0.4618288294174464
0.18559668965390164
-0.5958922283130217
0.1801240004003719
-0.5824752107365736
0.5307230657354065
0.3093865289743156
-0.6698145027203071
-0.0338993042883966
-0.024443954784357347
-0.3126906194744732
0.4337759588843373
-0.037165950904565204
0.9002007556746967
-0.3595929489044605
-0.6693366752784271
0.5022618430499148
0.32174213582798195
0.12953606672150353
-0.190797870547742
-0.5732259268645636
-0.01033291401731562
-0.17716121673658147
0.4712389612733541
-0.9201269675957489
-0.6553190145857652
-0.7671001868854175
0.9052225038521
-0.22040735737619754
-0.41220160531175987
-0.6497139922846702
0.34081110537798387
-0.16909196623348377
0.02385282729217364
-0.27934706077068605
-0.8392755122145912
-0.4340416745107314
-0.02372110279066253
0.7882117288241326
-0.7401312036840542
0.7959841927213716
0.9491289250936388
-0.08203165649728184
-0.542282169669555
-0.16158995087791728
-0.3620092090706486
-0.9409867929603486
-0.6065829507510887
-0.6615237423529357
0.11190943992584845
0.9775573746893405
0.11408942186916282
-0.02798071818122083
0.7006069452605073
0.15135639757335095
-0.3551785347334324
-0.2480853889127561
-0.3436157201359298
0.5474900579650948
-0.9082262659697953
-0.9462843131683292
0.1887577870021666
-0.09972275483823734
-0.7895395871913169
0.8226662845585686
-0.8811119184012441
-0.23855176207637352
-0.2741291539321389
-0.49122190485398187
0.6551845463693033
0.034975403992696386
-0.36255332616933145
-0.9795466650903959
-0.606443872692694
0.37368492528223696
-0.2694119376638566
-0.4648715148735094
-0.5646577288158006
0.09389637765646386
0.5502935204977282
-0.1258472207440089
-0.14239475559831405
-0.7328425629860278
-0.0806887968344141
-0.4693515785189266
-0.2074763106676749
0.7228068742649103
0.8596398369001643
-0.6233299869848348
-0.7588105266677867
0.047836238987641
-0.8642196220438396
-0.735611276871307
-0.005517584355423599
0.442943318817411
0.4535478095467289
-0.33367834429025445
0.666729406809526
-0.3968569835443001
-0.6835842249005122
0.4799641403952015
0.5497803872990261
0.5089219014150024
0.5384628943258778
0.4409349103855902
0.2603908047468171
0.6236746392482393
-0.4407273410817214
0.3951132460222828
0.6656512801648218
0.5422438710715016
0.4861816656458551
0.20634779636389378
0.08504006310893164
0.14426532695770233
-0.03370985735107368
-0.1425173260151853
-0.31801531693368146
-0.917423633863881
0.6575290986596121
-0.049085586238615475
0.802205367682506
0.19696161432226056
-0.40576978120194496
0.9008277788974643
