kontrolni radek
0.14007647852341365
0.026091010104541734
0.33574226397904483
0.47688704037643737
0.6737784226870034
0.2740776414930324
-0.16669298227498208
0.2939530621801345
0.5289153495775869
0.667336565082643
0.7583345045514633
0.4005447121311285
0.6687746350219073
-0.7151733148942996
-0.8490866670318551
-0.20565750516525894
-0.36980039456065894
-0.6662436310480409
-0.910079596758419
0.6151846043444136
-0.30867523386518547
-0.6151480088130468
0.9983883932953559
-0.9806932718427857
-0.1567156144050179
-0.07222815486891343
0.2487058360698109
-0.12572487736051685
-0.7587811932532262
-0.2591840172383728
0.18392598600057286
0.7328337402719183
-0.39295809695771555
-0.26766695782578154
-0.21827685517122708
0.6912627325174858
0.6873645410009723
0.3411100772398308
0.916262773415504
0.8622935482684047
0.0054185127709514
-0.6351731641902556
-0.26702661024227403
-0.020529023438485616
0.8062714429817406
0.7688472715139387
-0.6424509946309522
0.2693922451368831
-0.7181264110591594
0.8215870332709891
0.6560679911195715
-0.7256928256939259
0.21440239173636955
0.5738233063964597
-0.5790349346760915
0.36088743589786354
0.8638973483566137
-0.2745974938969711
-0.7406534732517971
-0.5200222946193498
0.31517193148208444
0.049865725764049795
0.410321420622753
-0.21219912998481671
0.668057510265097
0.8106955350379079
0.7979137159886096
-0.5890082065534097
0.5356067181852675
0.9219935118275222
-0.5999808615627409
0.8152234222330321
0.6130957464861322
0.6847653365854529
0.6031331428598317
-0.9299127962151574
0.979459039889911
0.3850937266812804
-0.9729237835290312
-0.3377169519949905
-0.6954575369159979
-0.8363876619759847
-0.38083995704514995
0.8806321455693413
-0.46718905968220925
0.13896634933413043
0.14573345994101072
0.6299079271451913
0.36020109373988474
0.29309832824894655
-0.11174130230490786
0.16020654187234107
0.3483712158586567
-0.6362471779358203
0.7232373261228857
0.10483508807688158
-0.4861720025723142
-0.14753506729411403
-0.8135170633036324
0.3150813868019182
0.25450990234602044
0.28641140170977986
0.6763922485943237
0.8438419481950468
0.9165185441520045
-0.7489494903093215
0.8194892480160834
0.11322921000005493
0.1806650012834805
0.9389809633306259
0.007313184202101475
-0.5700601822805444
0.5991280597132975
0.4376668351485362
0.02499840450292612
-0.8642410831764946
0.7827669907068096
0.3770307400488291
-0.17751090274958803
0.49466608000099854
0.29345684301616615
-0.5174752883761167
-0.6280046420318774
0.5208489558834879
-0.3865028583548473
0.6077555884733319
-0.05157118895504276
0.3496122455424213
0.6850119273932374
0.13263297374626082
-0.163998381586953
0.47512227175557875
0.5335706874342718
-0.9251787281970059
-0.6344276017069319
-0.7717248043712044
0.5036995441644003
0.44019456747627195
-0.10873178985169596
-0.384632449294684
0.8059471693458529
-0.3888833630969517
0.2619435782053432
0.28915665725769757
0.09533272475778909
-0.47926155285113525
0.9786052286943818
0.6177755927673612
-0.2736016209797052
-0.6941292749004668
-0.1988619736111763
-0.7617251315761882
-0.22758002389745746
-0.1978845314859563
-0.6520475951645732
-0.7069678688285443
0.40861824183323914
-0.9849895330107528
-0.5343586688254809
-0.5068849228575709
-0.04504389828466082
-0.9898716776434282
-0.006447312803679939
-0.3600329378377847
-0.732323311908647
-0.12291008882081833
-0.8725807348863615
-0.4170460772231319
0.7174246712814825
0.802670218982741
-0.3826221441006106
-0.37526695764772167
0.9452703057173184
0.22199569346632875
-0.9014707374829551
-0.8439856121092157
-0.13417666347763224
0.7177438240194105
0.8376375371272011
0.16867562374598477
-0.7069832376684522
-0.09079928490345446
0.7191512361074675
-0.6350341509696367
-0.9976310275348732
0.03889520464751439
0.6874704867175225
-0.23035634513113257
-0.2729583398097113
-0.6067985199887787
0.010493972733883306
0.484959585112138
-0.6119793806771854
0.38297823682195076
-0.6151942254329519
0.4767167026644539
-0.9445438899167515
0.48564943841509844
-0.3759119677597831
0.9233363015241931
-0.8382470670425539
0.0680627057315828
-0.590130038208738
-0.9245500247718519
-0.9839551540320071
0.6627041753436693
-0.8873422247505078
0.800162522692687
0.05137695456197289
-0.029291785875934506
0.1653443639840506
-0.5480176092079161
0.34468918032673246
0.6856418734112828
-0.7143273515808599
0.3648640465575048
0.46880813032502244
0.025936423534452135
-0.9186884293706663
-0.9698273286497086
0.48106413434756234
-0.8315595443491401
-0.7685723578332901
0.6085275208184757
-0.053298139637216746
0.8099154704022797
0.47194402633235377
0.42206819891568004
0.19292605677949282
-0.09087360824568536
-0.8575565687635238
-0.42126724191304543
-0.9779811944513939
-0.1361900388602313
-0.8795164586098803
-0.29751456019825184
-0.711068051249873
-0.4393489064905942
0.014788887445013499
-0.3860786931547824
0.48564314843728495
-0.8190526701724663
0.9437403710723631
-0.10698835339282597
0.15785711338384179
0.6691585931407409
-0.07914743188442408
0.5099896501317396
0.17758198095242195
-0.01180650338286493
0.9611899023393553
0.07382629102878835
0.002730290461817386
0.9512638645741647
-0.038545415703528985
-0.10896372680747524
0.46594480074324407
-0.7613305059225457
0.09751999202322836
0.9737534739044118
0.7681451596809146
-0.5618952044235146
0.19584101157014921
0.9177841819016745
-0.9419466299422292
-0.3377904220319632
-0.23495123006855034
0.09041667916189566
0.9621262499931729
-0.7791158574679784
-0.3854541172229966
-0.01350828233031054
-0.4398246320961776
0.5383045348442363
0.58392587190474
0.5678375566692091
0.0027099678535273952
0.8025105686633041
0.5303896615651409
-0.21489827066105072
-0.11209244283234376
0.6005665512441003
0.4781400383559171
-0.624718683329704
-0.2397921750140386
0.3194222422263575
0.3120354573840767
0.7853015194985085
0.12442214971015408
-0.011827861028101516
-0.264999691974253
-0.7105125287340417
-0.5186624173285668
-0.32788334029323174
-0.012367248393679642
0.3058226963552988
-0.9052863046346833
0.2759513886632192
0.5811033477694698
-0.20910296510069704
0.5075329814706109
0.540266133862827
-0.19458317812527137
-0.9004042621168551
-0.5135269594138521
-0.6350942998103364
-0.27339607330777294
0.6911333027971989
0.19416879958416766
0.2857035170799127
0.019994613497557268
0.5157230232386676
-0.7715147508258846
-0.17317951190615588
-0.7758629129214889
0.4608841451275585
-0.9763442750207223
-0.5140780276759991
0.3410842057931813
-0.8668886746035078
