kontrolni radek
-0.39037211832247043
-0.43592345983307146
0.641768788146315
0.8548221721991689
-0.336117439371032
-0.2038280164545256
-0.6778142167601355
0.1253051713038027
-0.6117102218075177
0.6691634115638108
-0.9270173682153189
0.26083279782203483
0.5971921699389777
-0.48843696096164846
-0.09184449955266705
0.5227173888611323
0.6962643432631972
-0.14970783400186152
-0.5330178682030164
-0.20528643412283487
-0.8605332273664233
0.8561239022721081
0.92316310780135
0.2986512746884822
0.2789989428325319
-0.7248438447099832
-0.522218129637978
0.21392616313075818
-0.2946438947811131
-0.05194746895729892
-0.12062361372540531
0.7297949879959744
-0.973835503695049
-0.0032854930884362865
0.5091983565067271
-0.24639911229603473
0.03161003556035441
0.10870373728764204
-0.9268875569232904
0.8314312194965987
-0.9638089306703631
0.16933247720996847
0.4774981943271335
0.4122974172930662
0.2904028454297216
0.3385460450147461
0.2872648806390903
0.6697686668708049
-0.11125009386605145
0.967034307336153
-0.24241672923249968
0.6378419939964628
-0.8045383352974449
0.947905778374061
-0.1055765690522712
-0.5977198022268584
0.6847095440857813
-0.676534511270444
-0.6100000536561285
-0.19672924428046323
0.2085342514599844
0.5315060916177214
-0.7707497466852593
0.8328375341444856
-0.4918579916831929
0.6996149035971426
0.7449600128490182
0.2061542660997271
0.4452040352426891
0.7445199422592874
-0.00667715224852472
-0.4237832466390703
-0.5344166905553027
-0.35644884439243074
0.07980326765616708
-0.11098729308838307
-0.7586543659559868
0.7881578852292686
-0.9921742252777008
-0.7491530070120558
0.42413912548902255
0.9397848826936359
0.7053219978510119
-0.9370679996868996
0.35315926091477473
-0.9373223870512253
0.2666489048643683
-0.9293333837685651
0.2641964511877555
0.4785270770575414
0.40381236180982816
-0.4951426605791709
-0.7002097323612669
-0.427253051178899
-0.25215643502515395
0.19908691556282831
0.9389594491787068
0.9130810828742983
-0.5450480129550863
0.2569857990137979
-0.7198285396167696
-0.4751859613969094
-0.06162633725356259
-0.33792558275307427
0.38075920467044083
-0.8138789677322336
-0.4100541508866751
-0.3422595454027264
-0.2348928073179375
-0.52064688828937
-0.0427496247753274
0.867001591120113
0.4040563066993721
-0.061586542400847794
-0.3014034988205989
0.6536023030668645
-0.2522551149222257
-0.555196610745784
1.0261086911041317
0.871836775525219
0.22497602164723562
-0.9204237211539141
-0.7350787376420567
-0.0005516475431772694
-0.4422815955362982
0.36689378065022726
0.3029715742220005
0.4141774950166064
-0.9914352265831174
-0.93170754356242
-0.08834671165219188
0.19889463374833105
-0.4447606975309161
-0.4606686436235259
0.015065627458009878
0.616754189461721
-0.06181159959024907
0.7322598395472748
0.26794008904103994
-0.32470684018299356
-0.5965213406143803
0.2945694091305033
-0.12717656014676337
-0.5547517240813944
0.6185169233400103
-0.8537646499527767
-0.7938528630701607
0.26069323684566026
-0.18965569174016417
-0.8716018270703294
-0.56643682188489
-0.7379937209228273
-0.926898259372092
-0.48373429490005626
0.05191482126376945
0.4965065534116392
-0.5998182465808983
-0.4108685699051159
-0.7819504570050295
0.09157674339267241
0.8455201863057897
0.5583276687912134
0.4312853295957304
0.6259148837404067
0.7377334338303825
-0.5850000780337612
0.8063584733047546
-0.7296744860073314
-0.6982197426038794
-0.9613580355207105
0.6959015559944213
0.8100322428796364
0.37198181865178004
-0.5138963218565515
-0.10419516961816311
0.09741081432083276
0.9317634929924477
-0.37816995422297595
0.3946019166892427
0.38452596686025875
-0.6861042987471822
-0.13508513667496702
0.1314135406721706
0.6557180046116251
0.7953665558188863
-0.7360172938682259
-0.03916041182465424
-0.24137422830205268
0.9453348739372913
-0.7929677941264268
1.1038052478937999
0.013826430447945182
-0.04656464223796042
0.44879663953284465
-0.5742708746223579
-0.06110572287043939
0.9168618926132044
-0.4196841086685601
0.23678455523951153
-0.8273021854849849
-0.524647381414872
0.7444681770864872
0.29742881561972034
0.4988265759272674
0.32350676641994536
0.7873048794260207
-0.6542567532697136
-0.6488711713322648
-0.37743188065064714
0.22690126153287205
-0.2328289378255034
-0.829948372080445
1.2496091180704616
-0.31779142747519384
0.4252195146008044
-0.04483191666249564
-0.40317921427768355
-0.9600056168476916
-0.15969455631556656
0.7567038284113985
0.9193203910887124
0.12020292781607478
-0.00929593175121357
0.5757064866023802
-0.8248585959017225
-0.5346631215828839
-0.032020724932411815
0.2381160564402721
-0.6200956016165307
0.14519033019679406
-0.9444578822981406
0.001210194822585553
-0.2585546665611833
-0.7926484061560202
-0.16134279847536437
0.45082765619061316
-0.010711322178397875
-0.3141369863400223
-0.36688042453539277
-0.5274787702100281
0.42170975493100404
0.17393725092408915
1.043242222452552
0.10603042844025556
-0.5510257541233614
-0.9776372898478121
-0.3475238497076151
-0.4518433313992207
0.823956603834537
-0.33514882015225544
0.5168562811295683
-0.19710254553120632
-0.08465955361314137
0.766280527877782
0.4317349929840373
-0.3812061776311617
-0.40284543511503856
-0.7550167338500113
-1.0090837549474645
-0.6126303784254077
0.49844078600323427
-0.6290641980806109
-0.7833493148780015
-0.3952985766162703
0.29004171297652215
0.1922157859692406
-0.12957341800699718
-0.2989655962840235
-0.06422465036747793
-0.5431775069033962
-0.1149995347587191
-0.5583763569824076
-0.9087916911661358
-0.5510781974381249
-0.6095781787338745
-0.2569180426186035
0.14845458131797273
0.7963861329520454
0.14130253376868485
0.33647033168337503
-0.9157641590542743
0.4222004298904314
-0.052105807519241876
-0.6399581702420399
0.0931462422828484
0.6917982619911234
-0.208957907949556
-0.17050493468022046
-0.7359042818910715
-0.8159223455267168
0.6373546512428852
-0.48957416893435113
0.02185047626234704
-0.15338482448410606
-0.9829578125157783
-0.4815659766014446
0.6423089194073623
0.5803727252391799
-0.7490278723642344
0.11862929953113466
0.8960025314321796
0.27026188772027937
-0.7889663855871107
0.50583328730103
-0.21847622888812146
-0.9935923334372754
-0.22254259426019113
-0.5291277852692275
0.9997318293786528
0.5977605830482939
0.8374813026781902
0.45540546383083824
-0.831316055783687
-0.8098966635700335
1.107405055740814
0.6556297998708984
-0.5130307002291419
0.2432353287996496
-0.06105602483324879
0.7033913689048759
