kontrolni radek
-0.5719612682083429
0.6478953548805508
-1.0461649295163786
0.3602080173887543
-0.5037472749856089
0.7224288441370987
0.4620688221621331
-1.1491187153204128
-0.559540300151335
-0.7900181302853799
0.7131549388944058
0.7276953483536392
0.6683842033181917
-0.40224252788256676
0.6323564239065766
0.5496486454882556
-0.001201968435905476
0.3621296257319006
-0.010758639677229759
0.7092142630650629
-0.8818178307173721
0.6339553113375265
-0.8724252157573388
-0.8988875481736611
0.3133325555721045
-0.8815632922456555
0.2141601161105935
0.7921580000637234
-1.9932713000283573
0.6522426974840507
0.9626967585504136
-0.8418341606157125
-0.23890716431166314
0.6766782791986004
-0.6793553542236372
-0.29329039834899273
-0.9574806357864332
0.34468805303776406
-0.918455284059462
-0.7372179841698623
0.9653440130244115
0.6926959633080505
0.7689642988929006
-0.32173190051321154
-0.26922158598680146
0.5019007836852445
-0.8327375553364342
-0.3703958933158251
0.777426848753845
0.7999105060061312
0.8769743420856024
-0.10104484042484901
-0.04055626058190409
0.7418166439483966
-0.173836227558263
-0.41610307833173765
-0.15167619387746667
-0.22374053417902062
0.35490973279665305
0.5965815204143508
-0.8452986839772185
-0.7389919285928508
-0.09836387809839575
-0.0808581231738148
0.3000277427979561
-0.31846173681434853
0.2609111029061304
0.5717436570510934
0.38134766128893366
-0.3833726924865428
0.8141220695154892
-0.706656989987923
-0.36332028690594353
-0.24658543994577764
-0.22838050999414783
-0.03915763212421264
0.07676833528656402
0.6028883027645138
0.843430063563019
0.16631472611192688
-0.5114950288796921
1.5196885993131874
-0.6048876620429888
-0.9117417087940725
0.2853177550367445
0.7510405445638031
-0.9278284908947876
0.6173662976405419
-0.2406459826246412
-0.1739188899640456
-0.17631252786702856
0.9715519684269265
-0.058990438598284234
0.4806117123029554
0.8606705999163442
-0.500535324278842
-0.2510952278136444
0.6608994479843269
0.9784607929259965
0.2907401540537391
-0.7886170396269845
-0.35950680495707
0.9612201111730327
-0.7280881257172682
-0.15948573622627715
0.30321444160748623
-0.27854953784735925
-0.02731190536081543
-0.6274549829377107
0.7431369932439749
-0.6662186116722055
-0.7427339332017306
-0.9229205932417626
0.5960001709653029
0.2875853086251543
-0.5240226918480245
0.6736962789610981
-0.49144716646481096
0.33074707638978085
-0.7862736297059323
0.39703567210455004
0.2060091982697354
0.5689600230612328
0.6280442284138235
-0.28637556696227406
-0.9319152577350931
0.8982160115606237
0.6538319163310677
-0.7413804970997526
-0.3122660046514665
0.7616427437223572
-0.05914553728491878
-0.11647833495287929
-0.07854638658790969
0.815969636947179
-0.5067429624172162
-0.3376236986203591
0.5145203940195004
-0.8283755605415535
-1.712463715643894
-0.35844087736146446
-0.6870678115674562
-0.7637398165161404
0.6450655629509623
-0.9171688258524391
-0.8548113966510957
-0.3726285576648718
0.29281931905560743
-0.7244261548636981
-0.03322283102470247
0.48474167206644303
0.02569494636955394
0.8593137210838846
0.556852651860877
0.23298969133107672
0.8494188013419675
-0.5574854850482345
0.43184242923141714
0.3763788351664934
1.9243141936649457
0.8312116308447646
0.3041527113713378
-0.5660862865988252
1.770741606498964
0.38675770768079865
0.3700557711613044
0.5878657617697538
0.12994091914906303
0.2074553784447173
1.5644770243926227
0.7035714474570844
0.2007305733858824
0.5298847404521274
-0.8455667501879067
0.9405133186281103
-0.7240045785727685
-0.7521360247146418
0.6814121923152507
-0.11338230912319255
0.12322151881001608
0.18907954479266365
-0.9757057185817197
0.4566298673301121
0.8578960871088206
-1.7909836220074515
-0.7508384071496546
0.5258490058472953
-0.2292443834453812
-0.20686384602114494
1.1203169876474404
-1.4514503559533796
0.6528804821142339
-0.36902036865971555
0.03076923111649288
-0.21490678546129116
0.9752629523520435
0.43142977429066964
-0.6432093266278514
-0.4985449553735759
-0.09715210508703898
0.03427995251241445
0.6030939343351782
-0.3112620918172768
-0.8777710039198405
-0.36167464130250315
0.6957525963174409
0.17764644887145464
0.8548937222787338
0.46964210102952864
-0.7943108920431543
0.8800408754162539
-0.3892301678938357
0.4961179556979898
0.27837551782636094
-0.5734467594409624
-0.38158474880878934
-0.16875957697106303
0.19822391262117267
-0.2950104429440159
-0.4367018516876696
-0.9598898699143792
-0.11468430363010368
0.9150061611920206
0.8403677614421583
0.5383672243562372
-0.9757828807559867
0.35377498032179466
0.7390004613847831
-0.4849861132848865
0.9102175990930337
0.12331267758541256
1.9443363808606051
-0.8712513381716798
0.9681782052680983
-0.5266211085154864
-0.6097738428034292
-0.9189317616532922
0.9293968152194287
0.40512248593594813
0.8374811761188028
0.5088545541385724
-0.9109592966490874
0.0959314519495118
-0.23231016264564963
-0.5122753160524467
-0.7691036057933271
-0.5873183960631239
-0.09465196677491267
0.2918143222047809
-0.12036581675583169
-0.6992304114171062
-0.7338601330313199
-0.7272790878477429
-1.0625152896847756
0.5705773955389857
0.3463390306116607
0.28427018261692694
-0.02117326462369018
0.23880908775763277
0.9315789994941994
0.32318626237145565
0.218262152247662
1.1172477235221434
0.813027851166692
0.8178307154345852
-0.7013938046859172
-0.7743914955951003
0.22733760995086127
-0.4776693499880058
0.34454694212089343
-0.37707997534029136
0.3734142406749681
-0.7545110577478982
0.4145313446098644
0.8451934115388515
0.3059836247453249
0.3862382907181834
-0.4436613987358269
0.4071505196958556
0.6416033170684274
0.28382865503484545
0.8533649615110483
-0.9616153612676226
0.44185316625741544
0.7883583123078475
0.43718269484452765
-0.09977303470268528
0.8502849576356246
-0.8956515289604408
-0.8123852749985399
0.04807518865055305
0.2900186424374307
-0.26226339996127845
-0.19012359969850845
-0.19641361887008849
-0.06052172231510866
-0.5847869538659365
-0.8041467154954134
-0.3855639640651476
0.9526637291484217
0.17705532261436718
-0.009354733287203099
0.4713505389975434
-0.17841549216178684
-0.09410940180575156
-0.040615192834344144
-0.4135273452147994
0.6958453278865577
0.19158518373304734
-0.6313300552492362
0.7818089700831887
-0.14600158976068123
-0.6185081432023749
0.37446497864725825
0.03160042406934771
0.5690287314577271
-0.819941265977107
0.44071588320034927
-0.9687968925217421
0.655103471117424
